# density profiles from  M. Dziewonski and D. L. Anderson, Preliminary reference earth model, Phys. Earth Planet. Interiors 25 (1981) 297–356.
r_vec	rho_tot	16O	28Si	27Al	56Fe	40Ca	23Na	39K	24Mg	48Ti	58Ni	59Co	31P	32S  v_esc
0.0	7.86235e+24	0.0	0.0	0.0	6.643685750000001e+24	0.0	0.0	0.0	0.0	0.0	4.402916e+23	2.358705e+22	4.71741e+22	7.076115000000001e+23  15.66845700603744
35.175879396984925	7.86235e+24	0.0	0.0	0.0	6.643685750000001e+24	0.0	0.0	0.0	0.0	0.0	4.402916e+23	2.358705e+22	4.71741e+22	7.076115000000001e+23  15.668815847795054
70.35175879396985	7.86235e+24	0.0	0.0	0.0	6.643685750000001e+24	0.0	0.0	0.0	0.0	0.0	4.402916e+23	2.358705e+22	4.71741e+22	7.076115000000001e+23  15.667970398296536
105.52763819095478	7.86235e+24	0.0	0.0	0.0	6.643685750000001e+24	0.0	0.0	0.0	0.0	0.0	4.402916e+23	2.358705e+22	4.71741e+22	7.076115000000001e+23  15.667093359151416
140.7035175879397	7.861784036753069e+24	0.0	0.0	0.0	6.643207511056343e+24	0.0	0.0	0.0	0.0	0.0	4.4025990605817185e+23	2.358535211025921e+22	4.717070422051842e+22	7.075605633077762e+23  15.666315206773591
175.87939698492463	7.858428251519892e+24	0.0	0.0	0.0	6.640371872534308e+24	0.0	0.0	0.0	0.0	0.0	4.4007198208511395e+23	2.3575284754559678e+22	4.7150569509119356e+22	7.072585426367902e+23  15.66485322014993
211.05527638190955	7.855072466286714e+24	0.0	0.0	0.0	6.637536234012273e+24	0.0	0.0	0.0	0.0	0.0	4.39884058112056e+23	2.3565217398860143e+22	4.713043479772029e+22	7.069565219658042e+23  15.662620744539996
246.23115577889448	7.851716681053536e+24	0.0	0.0	0.0	6.634700595490238e+24	0.0	0.0	0.0	0.0	0.0	4.39696134138998e+23	2.355515004316061e+22	4.711030008632122e+22	7.066545012948182e+23  15.661179134497747
281.4070351758794	7.848360895820358e+24	0.0	0.0	0.0	6.631864956968203e+24	0.0	0.0	0.0	0.0	0.0	4.3950821016594006e+23	2.3545082687461075e+22	4.709016537492215e+22	7.063524806238321e+23  15.658588196473984
316.5829145728643	7.845057830290759e+24	0.0	0.0	0.0	6.629073866595691e+24	0.0	0.0	0.0	0.0	0.0	4.3932323849628246e+23	2.3535173490872278e+22	4.7070346981744556e+22	7.060552047261682e+23  15.655841735998361
351.75879396984925	7.841856571774996e+24	0.0	0.0	0.0	6.626368803149871e+24	0.0	0.0	0.0	0.0	0.0	4.3914396801939977e+23	2.352556971532499e+22	4.705113943064998e+22	7.057670914597496e+23  15.652485909342914
386.9346733668342	7.838655313259233e+24	0.0	0.0	0.0	6.623663739704052e+24	0.0	0.0	0.0	0.0	0.0	4.389646975425171e+23	2.35159659397777e+22	4.70319318795554e+22	7.05478978193331e+23  15.649425354714172
422.1105527638191	7.83545405474347e+24	0.0	0.0	0.0	6.620958676258232e+24	0.0	0.0	0.0	0.0	0.0	4.387854270656343e+23	2.350636216423041e+22	4.701272432846082e+22	7.051908649269123e+23  15.6460853989143
457.286432160804	7.832252796227707e+24	0.0	0.0	0.0	6.618253612812412e+24	0.0	0.0	0.0	0.0	0.0	4.386061565887516e+23	2.349675838868312e+22	4.699351677736624e+22	7.049027516604935e+23  15.641894648471872
492.46231155778895	7.8282215328665e+24	0.0	0.0	0.0	6.614847195272192e+24	0.0	0.0	0.0	0.0	0.0	4.38380405840524e+23	2.3484664598599502e+22	4.6969329197199005e+22	7.04539937957985e+23  15.63781858416492
527.6381909547739	7.822095485821226e+24	0.0	0.0	0.0	6.609670685518936e+24	0.0	0.0	0.0	0.0	0.0	4.3803734720598864e+23	2.346628645746368e+22	4.693257291492736e+22	7.039885937239103e+23  15.632902984305884
562.8140703517588	7.815969438775952e+24	0.0	0.0	0.0	6.604494175765679e+24	0.0	0.0	0.0	0.0	0.0	4.376942885714533e+23	2.3447908316327856e+22	4.689581663265571e+22	7.034372494898356e+23  15.627970852562276
597.9899497487437	7.809843391730677e+24	0.0	0.0	0.0	6.599317666012422e+24	0.0	0.0	0.0	0.0	0.0	4.373512299369179e+23	2.342953017519203e+22	4.685906035038406e+22	7.028859052557609e+23  15.622515863107633
633.1658291457286	7.803717344685403e+24	0.0	0.0	0.0	6.594141156259165e+24	0.0	0.0	0.0	0.0	0.0	4.3700817130238256e+23	2.341115203405621e+22	4.682230406811242e+22	7.023345610216863e+23  15.617087384089674
668.3417085427136	7.797591297640128e+24	0.0	0.0	0.0	6.588964646505907e+24	0.0	0.0	0.0	0.0	0.0	4.366651126678472e+23	2.3392773892920385e+22	4.678554778584077e+22	7.017832167876115e+23  15.611258151290262
703.5175879396985	7.791187735468463e+24	0.0	0.0	0.0	6.583553636470851e+24	0.0	0.0	0.0	0.0	0.0	4.3630651318623395e+23	2.337356320640539e+22	4.674712641281078e+22	7.012068961921617e+23  15.604977007805054
738.6934673366834	7.784783205129736e+24	0.0	0.0	0.0	6.578141808334628e+24	0.0	0.0	0.0	0.0	0.0	4.359478594872653e+23	2.335434961538921e+22	4.670869923077842e+22	7.006304884616762e+23  15.598551001726504
773.8693467336684	7.778378674791011e+24	0.0	0.0	0.0	6.572729980198404e+24	0.0	0.0	0.0	0.0	0.0	4.355892057882966e+23	2.3335136024373034e+22	4.667027204874607e+22	7.000540807311909e+23  15.592020500664132
809.0452261306533	7.771974144452285e+24	0.0	0.0	0.0	6.567318152062181e+24	0.0	0.0	0.0	0.0	0.0	4.35230552089328e+23	2.3315922433356855e+22	4.663184486671371e+22	6.994776730007057e+23  15.584679252139246
844.2211055276382	7.765569614113558e+24	0.0	0.0	0.0	6.561906323925957e+24	0.0	0.0	0.0	0.0	0.0	4.348718983903593e+23	2.3296708842340676e+22	4.659341768468135e+22	6.989012652702202e+23  15.577433412204748
879.3969849246231	7.758563774389821e+24	0.0	0.0	0.0	6.555986389359399e+24	0.0	0.0	0.0	0.0	0.0	4.3447957136583e+23	2.3275691323169465e+22	4.655138264633893e+22	6.982707396950839e+23  15.569820782891309
914.572864321608	7.751518985059099e+24	0.0	0.0	0.0	6.550033542374939e+24	0.0	0.0	0.0	0.0	0.0	4.3408506316330955e+23	2.32545569551773e+22	4.65091139103546e+22	6.97636708655319e+23  15.561696268285539
949.748743718593	7.744474195728378e+24	0.0	0.0	0.0	6.544080695390479e+24	0.0	0.0	0.0	0.0	0.0	4.336905549607892e+23	2.3233422587185135e+22	4.646684517437027e+22	6.97002677615554e+23  15.55320228123153
984.9246231155779	7.737429406397655e+24	0.0	0.0	0.0	6.538127848406018e+24	0.0	0.0	0.0	0.0	0.0	4.332960467582687e+23	2.321228821919297e+22	4.642457643838594e+22	6.96368646575789e+23  15.544378360655665
1020.1005025125628	7.728545345467334e+24	0.0	0.0	0.0	6.530620816919897e+24	0.0	0.0	0.0	0.0	0.0	4.327985393461707e+23	2.3185636036402003e+22	4.637127207280401e+22	6.9556908109206e+23  15.535264200572891
1055.2763819095478	7.716113771037641e+24	0.0	0.0	0.0	6.520116136526806e+24	0.0	0.0	0.0	0.0	0.0	4.3210237117810794e+23	2.3148341313112925e+22	4.629668262622585e+22	6.944502393933877e+23  15.526130702746473
1090.4522613065326	7.703682196607949e+24	0.0	0.0	0.0	6.509611456133717e+24	0.0	0.0	0.0	0.0	0.0	4.314062030100452e+23	2.3111046589823846e+22	4.622209317964769e+22	6.933313976947154e+23  15.516450765995637
1125.6281407035176	7.691250622178257e+24	0.0	0.0	0.0	6.499106775740627e+24	0.0	0.0	0.0	0.0	0.0	4.307100348419824e+23	2.3073751866534772e+22	4.6147503733069545e+22	6.92212555996043e+23  15.506374084839493
1160.8040201005026	7.67742135324189e+24	0.0	0.0	0.0	6.487421043489397e+24	0.0	0.0	0.0	0.0	0.0	4.2993559578154584e+23	2.303226405972567e+22	4.606452811945134e+22	6.9096792179177e+23  15.496217195174136
1195.9798994974874	7.661766685288216e+24	0.0	0.0	0.0	6.474192849068542e+24	0.0	0.0	0.0	0.0	0.0	4.290589343761401e+23	2.298530005586465e+22	4.59706001117293e+22	6.895590016759395e+23  15.485598582197557
1231.1557788944724	7.310015333051586e+24	0.0	0.0	0.0	6.17696295642859e+24	0.0	0.0	0.0	0.0	0.0	4.093608586508888e+23	2.193004599915476e+22	4.386009199830952e+22	6.579013799746427e+23  15.47461604438116
1266.3316582914572	7.297205048211601e+24	0.0	0.0	0.0	6.166138265738802e+24	0.0	0.0	0.0	0.0	0.0	4.086434826998497e+23	2.18916151446348e+22	4.37832302892696e+22	6.56748454339044e+23  15.463403210998585
1301.5075376884422	7.284394763371614e+24	0.0	0.0	0.0	6.155313575049014e+24	0.0	0.0	0.0	0.0	0.0	4.079261067488104e+23	2.1853184290114844e+22	4.370636858022969e+22	6.555955287034453e+23  15.452089104103372
1336.6834170854272	7.272233404767725e+24	0.0	0.0	0.0	6.145037227028727e+24	0.0	0.0	0.0	0.0	0.0	4.072450706669926e+23	2.1816700214303175e+22	4.363340042860635e+22	6.545010064290953e+23  15.440234834733626
1371.859296482412	7.26049361209731e+24	0.0	0.0	0.0	6.135117102222227e+24	0.0	0.0	0.0	0.0	0.0	4.0658764227744935e+23	2.178148083629193e+22	4.356296167258386e+22	6.534444250887578e+23  15.428117058574177
1407.035175879397	7.248753819426896e+24	0.0	0.0	0.0	6.125196977415727e+24	0.0	0.0	0.0	0.0	0.0	4.0593021388790615e+23	2.1746261458280688e+22	4.3492522916561375e+22	6.523878437484206e+23  15.416011230432307
1442.211055276382	7.237014026756482e+24	0.0	0.0	0.0	6.115276852609227e+24	0.0	0.0	0.0	0.0	0.0	4.05272785498363e+23	2.1711042080269446e+22	4.342208416053889e+22	6.513312624080833e+23  15.403305121405177
1477.3869346733668	7.224173858346892e+24	0.0	0.0	0.0	6.104426910303124e+24	0.0	0.0	0.0	0.0	0.0	4.04553736067426e+23	2.167252157504068e+22	4.334504315008136e+22	6.501756472512203e+23  15.390459434667992
1512.5628140703518	7.210083495575827e+24	0.0	0.0	0.0	6.092520553761573e+24	0.0	0.0	0.0	0.0	0.0	4.037646757522463e+23	2.1630250486727482e+22	4.3260500973454965e+22	6.489075146018243e+23  15.37735926730822
1547.7386934673368	7.195993132804761e+24	0.0	0.0	0.0	6.080614197220023e+24	0.0	0.0	0.0	0.0	0.0	4.0297561543706664e+23	2.158797939841428e+22	4.317595879682856e+22	6.476393819524285e+23  15.36397827803156
1582.9145728643216	7.181902770033696e+24	0.0	0.0	0.0	6.068707840678473e+24	0.0	0.0	0.0	0.0	0.0	4.02186555121887e+23	2.154570831010109e+22	4.309141662020218e+22	6.463712493030327e+23  15.350146680950322
1618.0904522613066	7.167812407262631e+24	0.0	0.0	0.0	6.056801484136922e+24	0.0	0.0	0.0	0.0	0.0	4.013974948067073e+23	2.1503437221787892e+22	4.3006874443575785e+22	6.451031166536368e+23  15.336072709148745
1653.2663316582914	7.153722044491565e+24	0.0	0.0	0.0	6.044895127595373e+24	0.0	0.0	0.0	0.0	0.0	4.006084344915277e+23	2.1461166133474696e+22	4.292233226694939e+22	6.438349840042408e+23  15.32180795944658
1688.4422110552764	7.1396316817205e+24	0.0	0.0	0.0	6.032988771053823e+24	0.0	0.0	0.0	0.0	0.0	3.99819374176348e+23	2.1418895045161503e+22	4.283779009032301e+22	6.42566851354845e+23  15.30740581258513
1723.6180904522614	7.124502398541295e+24	0.0	0.0	0.0	6.020204526767394e+24	0.0	0.0	0.0	0.0	0.0	3.989721343183125e+23	2.1373507195623887e+22	4.274701439124777e+22	6.412052158687165e+23  15.292657543756281
1758.7939698492462	7.108595514512085e+24	0.0	0.0	0.0	6.006763209762711e+24	0.0	0.0	0.0	0.0	0.0	3.980813488126768e+23	2.1325786543536256e+22	4.265157308707251e+22	6.397735963060875e+23  15.277248662282148
1793.9698492462312	7.092688630482876e+24	0.0	0.0	0.0	5.99332189275803e+24	0.0	0.0	0.0	0.0	0.0	3.9719056330704106e+23	2.1278065891448625e+22	4.255613178289725e+22	6.383419767434588e+23  15.261852281078268
1829.145728643216	7.076781746453666e+24	0.0	0.0	0.0	5.979880575753348e+24	0.0	0.0	0.0	0.0	0.0	3.962997778014053e+23	2.1230345239361e+22	4.2460690478722e+22	6.3691035718083e+23  15.246027299108027
1864.321608040201	7.060874862424457e+24	0.0	0.0	0.0	5.966439258748666e+24	0.0	0.0	0.0	0.0	0.0	3.954089922957696e+23	2.118262458727337e+22	4.236524917454674e+22	6.354787376182012e+23  15.230256504005053
1899.497487437186	7.044967978395248e+24	0.0	0.0	0.0	5.952997941743984e+24	0.0	0.0	0.0	0.0	0.0	3.945182067901339e+23	2.1134903935185745e+22	4.226980787037149e+22	6.340471180555723e+23  15.2140987013727
1934.6733668341708	7.029061094366039e+24	0.0	0.0	0.0	5.939556624739303e+24	0.0	0.0	0.0	0.0	0.0	3.9362742128449816e+23	2.1087183283098118e+22	4.2174366566196235e+22	6.326154984929435e+23  15.197479805511659
1969.8492462311558	7.013108246951453e+24	0.0	0.0	0.0	5.926076468673978e+24	0.0	0.0	0.0	0.0	0.0	3.927340618292813e+23	2.103932474085436e+22	4.207864948170872e+22	6.311797422256308e+23  15.180586730757737
2005.0251256281408	6.997098179752048e+24	0.0	0.0	0.0	5.912547961890481e+24	0.0	0.0	0.0	0.0	0.0	3.9183749806611474e+23	2.0991294539256144e+22	4.198258907851229e+22	6.297388361776843e+23  15.163353394729528
2040.2010050251256	6.981088112552645e+24	0.0	0.0	0.0	5.899019455106985e+24	0.0	0.0	0.0	0.0	0.0	3.9094093430294815e+23	2.0943264337657938e+22	4.1886528675315876e+22	6.28297930129738e+23  15.14585153642004
2075.3768844221104	6.965078045353242e+24	0.0	0.0	0.0	5.885490948323489e+24	0.0	0.0	0.0	0.0	0.0	3.9004437053978156e+23	2.0895234136059727e+22	4.179046827211945e+22	6.268570240817918e+23  15.128160179838543
2110.5527638190956	6.949067978153839e+24	0.0	0.0	0.0	5.871962441539994e+24	0.0	0.0	0.0	0.0	0.0	3.89147806776615e+23	2.0847203934461516e+22	4.169440786892303e+22	6.254161180338455e+23  15.110145987898715
2145.7286432160804	6.931069448640681e+24	0.0	0.0	0.0	5.856753684101376e+24	0.0	0.0	0.0	0.0	0.0	3.8813988912387815e+23	2.0793208345922042e+22	4.1586416691844085e+22	6.237962503776612e+23  15.091839556039975
2180.904522613065	6.909934629520759e+24	0.0	0.0	0.0	5.838894761945041e+24	0.0	0.0	0.0	0.0	0.0	3.869563392531625e+23	2.0729803888562276e+22	4.145960777712455e+22	6.218941166568684e+23  15.073394825490734
2216.0804020100504	6.888799810400838e+24	0.0	0.0	0.0	5.821035839788708e+24	0.0	0.0	0.0	0.0	0.0	3.85772789382447e+23	2.0666399431202515e+22	4.133279886240503e+22	6.199919829360755e+23  15.054515276033099
2251.256281407035	6.867664991280917e+24	0.0	0.0	0.0	5.803176917632375e+24	0.0	0.0	0.0	0.0	0.0	3.8458923951173135e+23	2.060299497384275e+22	4.12059899476855e+22	6.180898492152824e+23  15.035340260386189
2286.43216080402	6.846530172160995e+24	0.0	0.0	0.0	5.78531799547604e+24	0.0	0.0	0.0	0.0	0.0	3.8340568964101573e+23	2.0539590516482983e+22	4.1079181032965966e+22	6.161877154944896e+23  15.015949108382657
2321.608040201005	6.825395353041073e+24	0.0	0.0	0.0	5.767459073319707e+24	0.0	0.0	0.0	0.0	0.0	3.822221397703001e+23	2.047618605912322e+22	4.095237211824644e+22	6.142855817736965e+23  14.996069747404688
2356.78391959799	6.804260533921152e+24	0.0	0.0	0.0	5.749600151163373e+24	0.0	0.0	0.0	0.0	0.0	3.8103858989958456e+23	2.0412781601763455e+22	4.082556320352691e+22	6.123834480529037e+23  14.975952535574391
2391.959798994975	6.782283428126965e+24	0.0	0.0	0.0	5.731029496767285e+24	0.0	0.0	0.0	0.0	0.0	3.798078719751101e+23	2.0346850284380896e+22	4.069370056876179e+22	6.104055085314268e+23  14.955614837344076
2427.13567839196	6.759435977867209e+24	0.0	0.0	0.0	5.711723401297791e+24	0.0	0.0	0.0	0.0	0.0	3.7852841476056376e+23	2.0278307933601627e+22	4.0556615867203255e+22	6.083492380080488e+23  14.93506138845093
2462.311557788945	6.736588527607455e+24	0.0	0.0	0.0	5.6924173058283e+24	0.0	0.0	0.0	0.0	0.0	3.772489575460175e+23	2.0209765582822368e+22	4.0419531165644735e+22	6.06292967484671e+23  14.914155548825832
2497.4874371859296	6.713741077347701e+24	0.0	0.0	0.0	5.673111210358806e+24	0.0	0.0	0.0	0.0	0.0	3.7596950033147126e+23	2.0141223232043104e+22	4.028244646408621e+22	6.0423669696129305e+23  14.892969764142707
2532.6633165829144	6.690893627087946e+24	0.0	0.0	0.0	5.653805114889314e+24	0.0	0.0	0.0	0.0	0.0	3.7469004311692494e+23	2.007268088126384e+22	4.014536176252768e+22	6.021804264379151e+23  14.871510780634695
2567.8391959798996	6.66804617682819e+24	0.0	0.0	0.0	5.63449901941982e+24	0.0	0.0	0.0	0.0	0.0	3.734105859023786e+23	2.000413853048457e+22	4.000827706096914e+22	6.0012415591453706e+23  14.849714538549183
2603.0150753768844	6.645198726568435e+24	0.0	0.0	0.0	5.615192923950328e+24	0.0	0.0	0.0	0.0	0.0	3.721311286878324e+23	1.9935596179705303e+22	3.987119235941061e+22	5.980678853911591e+23  14.827734493889794
2638.190954773869	6.62235127630868e+24	0.0	0.0	0.0	5.595886828480834e+24	0.0	0.0	0.0	0.0	0.0	3.708516714732861e+23	1.986705382892604e+22	3.973410765785208e+22	5.960116148677812e+23  14.805435347040524
2673.3668341708544	6.599503826048925e+24	0.0	0.0	0.0	5.576580733011342e+24	0.0	0.0	0.0	0.0	0.0	3.695722142587398e+23	1.9798511478146775e+22	3.959702295629355e+22	5.939553443444033e+23  14.782693547982944
2708.542713567839	6.57377162800035e+24	0.0	0.0	0.0	5.554837025660296e+24	0.0	0.0	0.0	0.0	0.0	3.681312111680196e+23	1.9721314884001053e+22	3.944262976800211e+22	5.916394465200315e+23  14.759913012457664
2743.718592964824	6.547999254035455e+24	0.0	0.0	0.0	5.533059369659959e+24	0.0	0.0	0.0	0.0	0.0	3.666879582259855e+23	1.9643997762106365e+22	3.928799552421273e+22	5.8931993286319094e+23  14.736752663209622
2778.894472361809	6.522226880070558e+24	0.0	0.0	0.0	5.511281713659621e+24	0.0	0.0	0.0	0.0	0.0	3.652447052839513e+23	1.9566680640211676e+22	3.913336128042335e+22	5.870004192063502e+23  14.713350192881906
2814.070351758794	6.496454506105663e+24	0.0	0.0	0.0	5.489504057659286e+24	0.0	0.0	0.0	0.0	0.0	3.638014523419171e+23	1.948936351831699e+22	3.897872703663398e+22	5.8468090554950965e+23  14.68954881456656
2849.246231155779	6.470682132140767e+24	0.0	0.0	0.0	5.467726401658948e+24	0.0	0.0	0.0	0.0	0.0	3.6235819939988296e+23	1.9412046396422302e+22	3.8824092792844605e+22	5.82361391892669e+23  14.665506742389903
2884.422110552764	6.444909758175871e+24	0.0	0.0	0.0	5.445948745658611e+24	0.0	0.0	0.0	0.0	0.0	3.609149464578488e+23	1.9334729274527614e+22	3.866945854905523e+22	5.8004187823582836e+23  14.641051133805357
2919.597989949749	6.419137384210975e+24	0.0	0.0	0.0	5.424171089658274e+24	0.0	0.0	0.0	0.0	0.0	3.5947169351581455e+23	1.9257412152632925e+22	3.851482430526585e+22	5.777223645789877e+23  14.616613523391841
2954.7738693467336	6.393365010246078e+24	0.0	0.0	0.0	5.402393433657936e+24	0.0	0.0	0.0	0.0	0.0	3.580284405737804e+23	1.9180095030738236e+22	3.836019006147647e+22	5.754028509221471e+23  14.591850753289263
2989.949748743719	6.367592636281182e+24	0.0	0.0	0.0	5.380615777657599e+24	0.0	0.0	0.0	0.0	0.0	3.565851876317462e+23	1.9102777908843547e+22	3.8205555817687095e+22	5.730833372653064e+23  14.566709135481673
3025.1256281407036	6.340004369954746e+24	0.0	0.0	0.0	5.357303692611761e+24	0.0	0.0	0.0	0.0	0.0	3.550402447174658e+23	1.902001310986424e+22	3.804002621972848e+22	5.7060039329592715e+23  14.541233779299978
3060.3015075376884	6.310995432640963e+24	0.0	0.0	0.0	5.332791140581613e+24	0.0	0.0	0.0	0.0	0.0	3.5341574422789394e+23	1.8932986297922888e+22	3.7865972595845776e+22	5.679895889376866e+23  14.515484514450366
3095.4773869346736	6.281986495327179e+24	0.0	0.0	0.0	5.308278588551466e+24	0.0	0.0	0.0	0.0	0.0	3.5179124373832206e+23	1.8845959485981538e+22	3.7691918971963076e+22	5.653787845794461e+23  14.489610052314644
3130.6532663316584	6.252977558013396e+24	0.0	0.0	0.0	5.28376603652132e+24	0.0	0.0	0.0	0.0	0.0	3.501667432487502e+23	1.875893267404019e+22	3.751786534808038e+22	5.6276798022120565e+23  14.463387926593914
3165.829145728643	6.223968620699614e+24	0.0	0.0	0.0	5.259253484491173e+24	0.0	0.0	0.0	0.0	0.0	3.485422427591784e+23	1.8671905862098843e+22	3.7343811724197686e+22	5.601571758629652e+23  14.436810086472786
3201.005025125628	6.19495968338583e+24	0.0	0.0	0.0	5.234740932461027e+24	0.0	0.0	0.0	0.0	0.0	3.469177422696065e+23	1.858487905015749e+22	3.716975810031498e+22	5.575463715047247e+23  14.410028186284608
3236.180904522613	6.165950746072047e+24	0.0	0.0	0.0	5.210228380430879e+24	0.0	0.0	0.0	0.0	0.0	3.452932417800346e+23	1.849785223821614e+22	3.699570447643228e+22	5.5493556714648415e+23  14.38293242165456
3271.356783919598	6.136941808758264e+24	0.0	0.0	0.0	5.185715828400733e+24	0.0	0.0	0.0	0.0	0.0	3.436687412904628e+23	1.8410825426274791e+22	3.6821650852549583e+22	5.5232476278824376e+23  14.355585510645524
3306.532663316583	6.105490321963297e+24	0.0	0.0	0.0	5.159139322058986e+24	0.0	0.0	0.0	0.0	0.0	3.419074580299447e+23	1.8316470965889894e+22	3.6632941931779787e+22	5.494941289766967e+23  14.327980117963968
3341.708542713568	6.073203624395486e+24	0.0	0.0	0.0	5.131857062614186e+24	0.0	0.0	0.0	0.0	0.0	3.4009940296614726e+23	1.821961087318646e+22	3.643922174637292e+22	5.4658832619559375e+23  14.300089422306185
3376.884422110553	6.040916926827677e+24	0.0	0.0	0.0	5.104574803169387e+24	0.0	0.0	0.0	0.0	0.0	3.382913479023499e+23	1.812275078048303e+22	3.624550156096606e+22	5.4368252341449086e+23  14.271967401854464
3412.0603015075376	6.008630229259867e+24	0.0	0.0	0.0	5.077292543724588e+24	0.0	0.0	0.0	0.0	0.0	3.3648329283855253e+23	1.80258906877796e+22	3.60517813755592e+22	5.40776720633388e+23  14.243500040192247
3447.236180904523	5.976343531692056e+24	0.0	0.0	0.0	5.050010284279787e+24	0.0	0.0	0.0	0.0	0.0	3.346752377747551e+23	1.7929030595076168e+22	3.5858061190152336e+22	5.37870917852285e+23  14.214858401879376
3482.4120603015076	3.382080018883026e+24	1.4982614483651805e+24	7.203830440220845e+23	7.77878404343096e+22	2.1307104118963063e+23	8.455200047207566e+22	0.0	0.0	7.542038442109149e+23	0.0	6.764160037766052e+21	0.0	0.0	0.0  14.185909289918802
3517.5879396984924	3.348602881154886e+24	1.4834310763516144e+24	7.132524136859907e+23	7.701786626656238e+22	2.1096198151275782e+23	8.371507202887215e+22	0.0	0.0	7.467384424975396e+23	0.0	6.697205762309772e+21	0.0	0.0	0.0  14.157036208748176
3552.7638190954776	3.336863087737342e+24	1.4782303478676425e+24	7.107518376880538e+23	7.674785101795887e+22	2.1022237452745252e+23	8.342157719343355e+22	0.0	0.0	7.441204685654272e+23	0.0	6.673726175474683e+21	0.0	0.0	0.0  14.12819742982803
3587.9396984924624	3.325123294319798e+24	1.4730296193836706e+24	7.08251261690117e+23	7.647783576935536e+22	2.094827675421473e+23	8.312808235799496e+22	0.0	0.0	7.41502494633315e+23	0.0	6.650246588639596e+21	0.0	0.0	0.0  14.099382289556376
3623.115577889447	3.313383500902254e+24	1.4678288908996985e+24	7.057506856921801e+23	7.620782052075185e+22	2.0874316055684202e+23	8.283458752255635e+22	0.0	0.0	7.388845207012026e+23	0.0	6.626767001804508e+21	0.0	0.0	0.0  14.070631813624944
3658.291457286432	3.3016437074847106e+24	1.4626281624157269e+24	7.032501096942433e+23	7.593780527214834e+22	2.080035535715368e+23	8.254109268711776e+22	0.0	0.0	7.362665467690905e+23	0.0	6.603287414969422e+21	0.0	0.0	0.0  14.042002963245576
3693.467336683417	3.2908438305578045e+24	1.4578438169371074e+24	7.009497359088124e+23	7.56894081028295e+22	2.073231613251417e+23	8.227109576394512e+22	0.0	0.0	7.338581742143905e+23	0.0	6.581687661115609e+21	0.0	0.0	0.0  14.013453824612322
3728.643216080402	3.2810583866774613e+24	1.4535088652981153e+24	6.988654363622992e+23	7.5464342893581606e+22	2.0670667836068008e+23	8.202645966693654e+22	0.0	0.0	7.316760202290739e+23	0.0	6.562116773354923e+21	0.0	0.0	0.0  13.984936955268449
3763.819095477387	3.2712729427971186e+24	1.4491739136591237e+24	6.967811368157862e+23	7.523927768433372e+22	2.0609019539621847e+23	8.178182356992797e+22	0.0	0.0	7.294938662437575e+23	0.0	6.542545885594238e+21	0.0	0.0	0.0  13.956310909147037
3798.994974874372	3.2614874989167754e+24	1.4448389620201316e+24	6.946968372692732e+23	7.501421247508583e+22	2.0547371243175686e+23	8.15371874729194e+22	0.0	0.0	7.273117122584409e+23	0.0	6.522974997833551e+21	0.0	0.0	0.0  13.927810370701819
3834.170854271357	3.251702055036433e+24	1.4405040103811397e+24	6.926125377227602e+23	7.478914726583795e+22	2.0485722946729528e+23	8.129255137591082e+22	0.0	0.0	7.251295582731245e+23	0.0	6.503404110072866e+21	0.0	0.0	0.0  13.899382830323683
3869.3467336683416	3.2419166111560896e+24	1.4361690587421478e+24	6.90528238176247e+23	7.456408205659006e+22	2.0424074650283364e+23	8.104791527890225e+22	0.0	0.0	7.22947404287808e+23	0.0	6.48383322231218e+21	0.0	0.0	0.0  13.870967704775188
3904.522613065327	3.232131167275747e+24	1.431834107103156e+24	6.88443938629734e+23	7.433901684734218e+22	2.0362426353837206e+23	8.080327918189368e+22	0.0	0.0	7.207652503024916e+23	0.0	6.464262334551494e+21	0.0	0.0	0.0  13.842502383047117
3939.6984924623116	3.222345723395404e+24	1.4274991554641638e+24	6.86359639083221e+23	7.4113951638094285e+22	2.0300778057391045e+23	8.05586430848851e+22	0.0	0.0	7.185830963171751e+23	0.0	6.444691446790808e+21	0.0	0.0	0.0  13.813990108012522
3974.8743718592964	3.212285699134831e+24	1.42304256471673e+24	6.84216853915719e+23	7.388257108010111e+22	2.0237399904549435e+23	8.030714247837077e+22	0.0	0.0	7.163397109070673e+23	0.0	6.424571398269661e+21	0.0	0.0	0.0  13.785600322428671
4010.0502512562816	3.201163307693113e+24	1.418115345308049e+24	6.81847784538633e+23	7.362675607694159e+22	2.016732883846661e+23	8.002908269232783e+22	0.0	0.0	7.138594176155641e+23	0.0	6.402326615386226e+21	0.0	0.0	0.0  13.75722715815556
4045.2261306532664	3.190040916251395e+24	1.413188125899368e+24	6.794787151615472e+23	7.337094107378209e+22	2.0097257772383792e+23	7.975102290628488e+22	0.0	0.0	7.113791243240612e+23	0.0	6.380081832502791e+21	0.0	0.0	0.0  13.728802544213934
4080.402010050251	3.178918524809677e+24	1.408260906490687e+24	6.771096457844612e+23	7.311512607062257e+22	2.0027186706300965e+23	7.947296312024193e+22	0.0	0.0	7.08898831032558e+23	0.0	6.357837049619354e+21	0.0	0.0	0.0  13.700376783697662
4115.577889447236	3.1677961333679597e+24	1.4033336870820061e+24	6.747405764073754e+23	7.285931106746307e+22	1.9957115640218145e+23	7.9194903334199e+22	0.0	0.0	7.064185377410551e+23	0.0	6.33559226673592e+21	0.0	0.0	0.0  13.671845275290794
4150.753768844221	3.1566737419262417e+24	1.398406467673325e+24	6.723715070302895e+23	7.260349606430356e+22	1.9887044574135322e+23	7.891684354815605e+22	0.0	0.0	7.039382444495519e+23	0.0	6.313347483852484e+21	0.0	0.0	0.0  13.643422741962356
4185.929648241206	3.1455513504845237e+24	1.393479248264644e+24	6.700024376532035e+23	7.234768106114404e+22	1.98169735080525e+23	7.863878376211309e+22	0.0	0.0	7.014579511580488e+23	0.0	6.291102700969047e+21	0.0	0.0	0.0  13.614930197826856
4221.105527638191	3.1344289590428056e+24	1.3885520288559628e+24	6.676333682761176e+23	7.209186605798452e+22	1.9746902441969676e+23	7.836072397607014e+22	0.0	0.0	6.989776578665457e+23	0.0	6.268857918085611e+21	0.0	0.0	0.0  13.586400464499208
4256.281407035176	3.123306567601088e+24	1.383624809447282e+24	6.652642988990318e+23	7.183605105482502e+22	1.9676831375886856e+23	7.808266419002721e+22	0.0	0.0	6.964973645750427e+23	0.0	6.246613135202177e+21	0.0	0.0	0.0  13.55801010103327
4291.457286432161	3.11218417615937e+24	1.3786975900386009e+24	6.628952295219458e+23	7.158023605166551e+22	1.9606760309804033e+23	7.780460440398426e+22	0.0	0.0	6.940170712835395e+23	0.0	6.22436835231874e+21	0.0	0.0	0.0  13.529498942460176
4326.633165829146	3.1010617847176526e+24	1.37377037062992e+24	6.6052616014486e+23	7.132442104850601e+22	1.9536689243721213e+23	7.752654461794132e+22	0.0	0.0	6.915367779920365e+23	0.0	6.202123569435305e+21	0.0	0.0	0.0  13.500883306728886
4361.80904522613	3.0899393932759346e+24	1.3688431512212392e+24	6.58157090767774e+23	7.106860604534649e+22	1.946661817763839e+23	7.724848483189837e+22	0.0	0.0	6.890564847005334e+23	0.0	6.17987878655187e+21	0.0	0.0	0.0  13.472301651692296
4396.984924623116	3.0788170018342166e+24	1.363915931812558e+24	6.557880213906881e+23	7.081279104218698e+22	1.9396547111555563e+23	7.697042504585542e+22	0.0	0.0	6.865761914090302e+23	0.0	6.157634003668433e+21	0.0	0.0	0.0  13.443607635243335
4432.160804020101	3.0677158519357277e+24	1.3589981224075275e+24	6.534234764623099e+23	7.055746459452174e+22	1.9326609867195085e+23	7.66928962983932e+22	0.0	0.0	6.841006349816674e+23	0.0	6.135431703871455e+21	0.0	0.0	0.0  13.41502124685545
4467.336683417086	3.056801544800098e+24	1.3541630843464436e+24	6.510987290424209e+23	7.030643553040226e+22	1.925784973224062e+23	7.642003862000245e+22	0.0	0.0	6.816667444904219e+23	0.0	6.113603089600196e+21	0.0	0.0	0.0  13.386316796821747
4502.51256281407	3.045887237664469e+24	1.3493280462853597e+24	6.487739816225318e+23	7.005540646628278e+22	1.9189089597286155e+23	7.614718094161173e+22	0.0	0.0	6.792328539991765e+23	0.0	6.091774475328938e+21	0.0	0.0	0.0  13.35756254015845
4537.688442211055	3.0349729305288394e+24	1.3444930082242758e+24	6.464492342026428e+23	6.980437740216331e+22	1.9120329462331687e+23	7.587432326322098e+22	0.0	0.0	6.767989635079312e+23	0.0	6.069945861057678e+21	0.0	0.0	0.0  13.328773240650783
4572.86432160804	3.02405862339321e+24	1.3396579701631921e+24	6.441244867827538e+23	6.955334833804382e+22	1.9051569327377222e+23	7.560146558483026e+22	0.0	0.0	6.743650730166858e+23	0.0	6.04811724678642e+21	0.0	0.0	0.0  13.299969934849413
4608.040201005025	3.013144316257581e+24	1.3348229321021085e+24	6.417997393628647e+23	6.930231927392437e+22	1.898280919242276e+23	7.532860790643953e+22	0.0	0.0	6.719311825254406e+23	0.0	6.026288632515162e+21	0.0	0.0	0.0  13.271126840203348
4643.21608040201	3.002230009121951e+24	1.3299878940410243e+24	6.394749919429756e+23	6.9051290209804876e+22	1.8914049057468292e+23	7.505575022804878e+22	0.0	0.0	6.694972920341951e+23	0.0	6.004460018243902e+21	0.0	0.0	0.0  13.242062626011824
4678.391959798995	2.9913157019863216e+24	1.3251528559799404e+24	6.371502445230865e+23	6.880026114568539e+22	1.8845288922513827e+23	7.478289254965805e+22	0.0	0.0	6.670634015429498e+23	0.0	5.982631403972643e+21	0.0	0.0	0.0  13.213052718634424
4713.56783919598	2.9804013948506927e+24	1.3203178179188568e+24	6.348254971031975e+23	6.854923208156593e+22	1.8776528787559365e+23	7.451003487126732e+22	0.0	0.0	6.646295110517044e+23	0.0	5.960802789701386e+21	0.0	0.0	0.0  13.183970559396643
4748.743718592965	2.969487087715063e+24	1.315482779857773e+24	6.325007496833084e+23	6.829820301744645e+22	1.8707768652604897e+23	7.423717719287659e+22	0.0	0.0	6.621956205604591e+23	0.0	5.938974175430126e+21	0.0	0.0	0.0  13.154902037807759
4783.91959798995	2.958572780579434e+24	1.3106477417966892e+24	6.301760022634194e+23	6.804717395332698e+22	1.8639008517650432e+23	7.396431951448585e+22	0.0	0.0	6.597617300692137e+23	0.0	5.917145561158868e+21	0.0	0.0	0.0  13.125807365747573
4819.095477386934	2.9476584734438044e+24	1.3058127037356053e+24	6.278512548435304e+23	6.77961448892075e+22	1.8570248382695967e+23	7.369146183609511e+22	0.0	0.0	6.573278395779684e+23	0.0	5.895316946887609e+21	0.0	0.0	0.0  13.096535971541583
4854.27135678392	2.936744166308175e+24	1.3009776656745214e+24	6.255265074236412e+23	6.754511582508802e+22	1.8501488247741503e+23	7.3418604157704375e+22	0.0	0.0	6.54893949086723e+23	0.0	5.87348833261635e+21	0.0	0.0	0.0  13.067121764566053
4889.447236180905	2.9258298591725455e+24	1.2961426276134377e+24	6.232017600037522e+23	6.729408676096854e+22	1.8432728112787038e+23	7.314574647931364e+22	0.0	0.0	6.524600585954777e+23	0.0	5.851659718345091e+21	0.0	0.0	0.0  13.037859394709713
4924.62311557789	2.914915552036916e+24	1.2913075895523538e+24	6.208770125838631e+23	6.704305769684907e+22	1.8363967977832573e+23	7.287288880092291e+22	0.0	0.0	6.500261681042323e+23	0.0	5.829831104073833e+21	0.0	0.0	0.0  13.008334334711895
4959.798994974874	2.9040012449012866e+24	1.28647255149127e+24	6.185522651639741e+23	6.679202863272959e+22	1.8295207842878105e+23	7.260003112253217e+22	0.0	0.0	6.47592277612987e+23	0.0	5.808002489802573e+21	0.0	0.0	0.0  12.978797941548299
4994.974874371859	2.8930869377656577e+24	1.2816375134301863e+24	6.16227517744085e+23	6.654099956861013e+22	1.8226447707923643e+23	7.232717344414145e+22	0.0	0.0	6.451583871217416e+23	0.0	5.786173875531316e+21	0.0	0.0	0.0  12.949295749782548
5030.150753768844	2.881265579068425e+24	1.276400651527312e+24	6.137095683415745e+23	6.626910831857377e+22	1.8151973148131075e+23	7.2031639476710624e+22	0.0	0.0	6.425222241322587e+23	0.0	5.762531158136849e+21	0.0	0.0	0.0  12.919575647771532
5065.326633165829	2.8691889600849505e+24	1.271050709317633e+24	6.111372484980944e+23	6.599134608195386e+22	1.8075890448535188e+23	7.172972400212377e+22	0.0	0.0	6.398291380989439e+23	0.0	5.738377920169901e+21	0.0	0.0	0.0  12.889832352363262
5100.502512562814	2.8571123411014756e+24	1.2657007671079536e+24	6.085649286546143e+23	6.571358384533393e+22	1.7999807748939298e+23	7.14278085275369e+22	0.0	0.0	6.371360520656291e+23	0.0	5.714224682202952e+21	0.0	0.0	0.0  12.860176151905605
5135.678391959799	2.845035722118001e+24	1.2603508248982746e+24	6.059926088111342e+23	6.543582160871403e+22	1.7923725049343407e+23	7.112589305295003e+22	0.0	0.0	6.344429660323143e+23	0.0	5.690071444236002e+21	0.0	0.0	0.0  12.830252883379774
5170.854271356784	2.8329591031345263e+24	1.255000882688595e+24	6.034202889676541e+23	6.5158059372094104e+22	1.7847642349747517e+23	7.082397757836316e+22	0.0	0.0	6.317498799989994e+23	0.0	5.665918206269053e+21	0.0	0.0	0.0  12.80019534384169
5206.030150753769	2.820882484151052e+24	1.249650940478916e+24	6.0084796912417404e+23	6.48802971354742e+22	1.7771559650151627e+23	7.0522062103776305e+22	0.0	0.0	6.290567939656846e+23	0.0	5.641764968302104e+21	0.0	0.0	0.0  12.770130913977592
5241.206030150754	2.8088058651675776e+24	1.2443009982692369e+24	5.98275649280694e+23	6.460253489885428e+22	1.769547695055574e+23	7.022014662918944e+22	0.0	0.0	6.263637079323698e+23	0.0	5.617611730335156e+21	0.0	0.0	0.0  12.739966544601822
5276.381909547738	2.7967292461841033e+24	1.238951056059558e+24	5.95703329437214e+23	6.432477266223438e+22	1.761939425095985e+23	6.9918231154602585e+22	0.0	0.0	6.236706218990551e+23	0.0	5.593458492368206e+21	0.0	0.0	0.0  12.709784064637018
5311.557788944724	2.7846526272006284e+24	1.2336011138498784e+24	5.931310095937338e+23	6.4047010425614455e+22	1.754331155136396e+23	6.961631568001571e+22	0.0	0.0	6.209775358657401e+23	0.0	5.569305254401257e+21	0.0	0.0	0.0  12.679515693230321
5346.733668341709	2.772576008217154e+24	1.228251171640199e+24	5.9055868975025376e+23	6.376924818899454e+22	1.7467228851768072e+23	6.931440020542886e+22	0.0	0.0	6.182844498324253e+23	0.0	5.545152016434309e+21	0.0	0.0	0.0  12.649211022498351
5381.909547738694	2.760499389233679e+24	1.22290122943052e+24	5.8798636990677366e+23	6.349148595237462e+22	1.7391146152172178e+23	6.9012484730841985e+22	0.0	0.0	6.155913637991105e+23	0.0	5.520998778467358e+21	0.0	0.0	0.0  12.618647215307496
5417.085427135678	2.748422770250205e+24	1.2175512872208406e+24	5.854140500632936e+23	6.321372371575471e+22	1.731506345257629e+23	6.871056925625512e+22	0.0	0.0	6.128982777657957e+23	0.0	5.49684554050041e+21	0.0	0.0	0.0  12.587973568033512
5452.261306532663	2.7363461512667304e+24	1.2122013450111616e+24	5.828417302198136e+23	6.29359614791348e+22	1.72389807529804e+23	6.8408653781668265e+22	0.0	0.0	6.102051917324808e+23	0.0	5.472692302533461e+21	0.0	0.0	0.0  12.557263805108702
5487.437185929648	2.724269532283256e+24	1.2068514028014824e+24	5.8026941037633355e+23	6.265819924251489e+22	1.7162898053384514e+23	6.81067383070814e+22	0.0	0.0	6.075121056991661e+23	0.0	5.448539064566512e+21	0.0	0.0	0.0  12.526688596613122
5522.613065326634	2.712192913299781e+24	1.201501460591803e+24	5.776970905328534e+23	6.238043700589497e+22	1.708681535378862e+23	6.780482283249453e+22	0.0	0.0	6.048190196658512e+23	0.0	5.424385826599562e+21	0.0	0.0	0.0  12.495732641567487
5557.788944723618	2.700116294316307e+24	1.1961515183821239e+24	5.7512477068937334e+23	6.210267476927505e+22	1.7010732654192733e+23	6.750290735790767e+22	0.0	0.0	6.021259336325364e+23	0.0	5.400232588632614e+21	0.0	0.0	0.0  12.46471598471613
5592.964824120603	2.6842257295831447e+24	1.1891119982053331e+24	5.717400804012098e+23	6.1737191780412325e+22	1.6910622096373812e+23	6.710564323957862e+22	0.0	0.0	5.9858233769704124e+23	0.0	5.368451459166289e+21	0.0	0.0	0.0  12.433777351498476
5628.140703517588	2.6666133206533516e+24	1.1813097010494348e+24	5.6798863729916386e+23	6.133210637502709e+22	1.6799663920116115e+23	6.666533301633379e+22	0.0	0.0	5.946547705056974e+23	0.0	5.333226641306703e+21	0.0	0.0	0.0  12.402553042669657
5663.316582914573	2.649000911723558e+24	1.1735074038935362e+24	5.642371941971178e+23	6.092702096964183e+22	1.6688705743858415e+23	6.622502279308895e+22	0.0	0.0	5.9072720331435344e+23	0.0	5.298001823447117e+21	0.0	0.0	0.0  12.371386925819229
5698.492462311558	2.40486e+24	1.0653529800000001e+24	5.1223518e+23	5.531178e+22	1.5150618e+23	6.012150000000001e+22	0.0	0.0	5.3628378e+23	0.0	4.80972e+21	0.0	0.0	0.0  12.340035273454241
5733.668341708542	2.40486e+24	1.0653529800000001e+24	5.1223518e+23	5.531178e+22	1.5150618e+23	6.012150000000001e+22	0.0	0.0	5.3628378e+23	0.0	4.80972e+21	0.0	0.0	0.0  12.308663479533037
5768.844221105528	2.391373414102665e+24	1.0593784224474806e+24	5.093625372038676e+23	5.500158852436129e+22	1.5065652508846789e+23	5.978433535256663e+22	0.0	0.0	5.332762713448943e+23	0.0	4.78274682820533e+21	0.0	0.0	0.0  12.277174766618007
5804.020100502513	2.3757187461489916e+24	1.0524434045440033e+24	5.060280929297352e+23	5.46415311614268e+22	1.4967028100738648e+23	5.939296865372479e+22	0.0	0.0	5.2978528039122516e+23	0.0	4.751437492297983e+21	0.0	0.0	0.0  12.245686953088773
5839.195979899498	2.350998176441568e+24	1.0414921921636147e+24	5.00762611582054e+23	5.407295805815607e+22	1.4811288511581878e+23	5.87749544110392e+22	0.0	0.0	5.242725933464697e+23	0.0	4.701996352883136e+21	0.0	0.0	0.0  12.214051471080086
5874.371859296482	2.3239035136297924e+24	1.029489256537998e+24	4.9499144840314576e+23	5.344978081348522e+22	1.4640592135867692e+23	5.809758784074481e+22	0.0	0.0	5.182304835394437e+23	0.0	4.647807027259585e+21	0.0	0.0	0.0  12.18237830408641
5909.547738693467	2.296808850818017e+24	1.0174863209123815e+24	4.892202852242376e+23	5.282660356881438e+22	1.4469895760153507e+23	5.742022127045042e+22	0.0	0.0	5.121883737324178e+23	0.0	4.593617701636034e+21	0.0	0.0	0.0  12.150757325355261
5944.723618090452	2.263175577019475e+24	1.0025867806196274e+24	4.820563979051482e+23	5.205303827144793e+22	1.4258006135222694e+23	5.657938942548688e+22	0.0	0.0	5.0468815367534297e+23	0.0	4.52635115403895e+21	0.0	0.0	0.0  12.118911012634824
5979.899497487438	2.1391013283372065e+24	9.476218884533825e+23	4.55628582935825e+23	4.919933055175575e+22	1.3476338368524402e+23	5.347753320843017e+22	0.0	0.0	4.770195962191971e+23	0.0	4.278202656674413e+21	0.0	0.0	0.0  12.087001528159071
6015.075376884422	2.1234466603835335e+24	9.406868705499053e+23	4.522941386616926e+23	4.883927318882127e+22	1.337771396041626e+23	5.308616650958834e+22	0.0	0.0	4.7352860526552795e+23	0.0	4.246893320767067e+21	0.0	0.0	0.0  12.055028163296022
6050.251256281407	2.1097812501908836e+24	9.346330938345614e+23	4.493834062906582e+23	4.852496875439032e+22	1.3291621876202567e+23	5.274453125477209e+22	0.0	0.0	4.7048121879256706e+23	0.0	4.2195625003817674e+21	0.0	0.0	0.0  12.023287148337113
6085.427135678392	2.0997194571266226e+24	9.301757195070938e+23	4.472402443679706e+23	4.829354751391232e+22	1.3228232579897722e+23	5.249298642816557e+22	0.0	0.0	4.682374389392369e+23	0.0	4.1994389142532454e+21	0.0	0.0	0.0  11.991400018360487
6120.603015075377	2.0884012274480398e+24	9.251617437594817e+23	4.448294614464325e+23	4.8033228231304915e+22	1.315692773292265e+23	5.2210030686201e+22	0.0	0.0	4.6571347372091286e+23	0.0	4.1768024548960795e+21	0.0	0.0	0.0  11.959187980473784
6155.778894472362	2.0328112145895348e+24	9.005353680631639e+23	4.329887887075709e+23	4.67546579355593e+22	1.280671065191407e+23	5.082028036473838e+22	0.0	0.0	4.5331690085346627e+23	0.0	4.06562242917907e+21	0.0	0.0	0.0  11.927206426202591
6190.954773869347	2.0358731936606524e+24	9.01891824791669e+23	4.3364099024971896e+23	4.682508345419501e+22	1.2826001120062111e+23	5.089682984151631e+22	0.0	0.0	4.539997221863255e+23	0.0	4.071746387321305e+21	0.0	0.0	0.0  11.895064266505019
6226.130653266332	2.03893517273177e+24	9.032482815201741e+23	4.34293191791867e+23	4.689550897283071e+22	1.284529158821015e+23	5.097337931829425e+22	0.0	0.0	4.5468254351918475e+23	0.0	4.07787034546354e+21	0.0	0.0	0.0  11.86286549587534
6261.306532663317	2.041997151802888e+24	9.046047382486794e+23	4.349453933340151e+23	4.696593449146642e+22	1.2864582056358194e+23	5.104992879507221e+22	0.0	0.0	4.55365364852044e+23	0.0	4.083994303605776e+21	0.0	0.0	0.0  11.680284611268819
6296.482412060302	2.0450591308740056e+24	9.059611949771845e+23	4.355975948761632e+23	4.703636001010213e+22	1.2883872524506235e+23	5.112647827185014e+22	0.0	0.0	4.5604818618490324e+23	0.0	4.090118261748011e+21	0.0	0.0	0.0  11.705723098228953
6331.658291457286	2.0481211099451233e+24	9.073176517056896e+23	4.3624979641831126e+23	4.710678552873784e+22	1.2903162992654277e+23	5.120302774862808e+22	0.0	0.0	4.567310075177625e+23	0.0	4.0962422198902467e+21	0.0	0.0	0.0  11.731577360187623
6366.834170854271	2.211200763607911e+23	1.0326307566048946e+23	6.125026115193915e+22	1.791072618522408e+22	1.1277123894400346e+22	8.18144282534927e+21	6.191362138102152e+21	5.749121985380569e+21	4.643521603576614e+21	1.3267204581647466e+21	0.0	0.0	0.0	0.0  11.731167643482591
6402.010050251256	4.04858e+22	0.0	0.0	0.0	0.0	0.0	0.0	0.0	0.0	0.0	0.0	0.0	0.0	0.0  11.701729758395283
6437.185929648242	4.04858e+22	0.0	0.0	0.0	0.0	0.0	0.0	0.0	0.0	0.0	0.0	0.0	0.0	0.0  11.669707272120258
6472.361809045226	4.04858e+22	0.0	0.0	0.0	0.0	0.0	0.0	0.0	0.0	0.0	0.0	0.0	0.0	0.0  11.637901978672843
6507.537688442211	4.04858e+22	0.0	0.0	0.0	0.0	0.0	0.0	0.0	0.0	0.0	0.0	0.0	0.0	0.0  11.606401379374734
6542.713567839196	4.04858e+22	0.0	0.0	0.0	0.0	0.0	0.0	0.0	0.0	0.0	0.0	0.0	0.0	0.0  11.5752149517463
6577.889447236181	4.04858e+22	0.0	0.0	0.0	0.0	0.0	0.0	0.0	0.0	0.0	0.0	0.0	0.0	0.0  11.544498098458197
6613.065326633166	4.04858e+22	0.0	0.0	0.0	0.0	0.0	0.0	0.0	0.0	0.0	0.0	0.0	0.0	0.0  11.513948982865026
6648.241206030151	4.04858e+22	0.0	0.0	0.0	0.0	0.0	0.0	0.0	0.0	0.0	0.0	0.0	0.0	0.0  11.483392504591542
6683.417085427136	4.04858e+22	0.0	0.0	0.0	0.0	0.0	0.0	0.0	0.0	0.0	0.0	0.0	0.0	0.0  11.452972481243497
6718.592964824121	4.04858e+22	0.0	0.0	0.0	0.0	0.0	0.0	0.0	0.0	0.0	0.0	0.0	0.0	0.0  11.423336763323508
6753.768844221106	4.04858e+22	0.0	0.0	0.0	0.0	0.0	0.0	0.0	0.0	0.0	0.0	0.0	0.0	0.0  11.39361251504151
6788.94472361809	4.04858e+22	0.0	0.0	0.0	0.0	0.0	0.0	0.0	0.0	0.0	0.0	0.0	0.0	0.0  11.36387364489927
6824.120603015075	4.04858e+22	0.0	0.0	0.0	0.0	0.0	0.0	0.0	0.0	0.0	0.0	0.0	0.0	0.0  11.33450173712209
6859.29648241206	4.04858e+22	0.0	0.0	0.0	0.0	0.0	0.0	0.0	0.0	0.0	0.0	0.0	0.0	0.0  11.305667645216998
6894.472361809046	4.04858e+22	0.0	0.0	0.0	0.0	0.0	0.0	0.0	0.0	0.0	0.0	0.0	0.0	0.0  11.276733390483143
6929.64824120603	4.04858e+22	0.0	0.0	0.0	0.0	0.0	0.0	0.0	0.0	0.0	0.0	0.0	0.0	0.0  11.248203809146796
6964.824120603015	4.04858e+22	0.0	0.0	0.0	0.0	0.0	0.0	0.0	0.0	0.0	0.0	0.0	0.0	0.0  11.219769267446338
7000.0	4.04858e+22	0.0	0.0	0.0	0.0	0.0	0.0	0.0	0.0	0.0	0.0	0.0	0.0	0.0  11.19129704453598
