# Density profiles from [arXiv.2104.14367]
r_vec	          rho_tot       	12C  v_esc
1.279971e-07	1.000000e+00	1.000000e+00  5865.668092266068
1.517578e-03	1.018036e+00	1.018036e+00  5865.648835715282
3.035029e-03	1.018036e+00	1.018036e+00  5865.620826353475
4.552479e-03	1.018036e+00	1.018036e+00  5865.522774716519
6.069930e-03	1.018036e+00	1.018036e+00  5865.5018850867245
7.587380e-03	1.018036e+00	1.018036e+00  5865.411933194751
9.104831e-03	1.018036e+00	1.018036e+00  5865.298022109597
1.062228e-02	1.018036e+00	1.018036e+00  5865.17026316715
1.213973e-02	1.018036e+00	1.018036e+00  5865.017196657911
1.365718e-02	1.018036e+00	1.018036e+00  5864.843943182639
1.517463e-02	1.018036e+00	1.018036e+00  5864.653155230965
1.669208e-02	1.018036e+00	1.018036e+00  5864.439812961053
1.820953e-02	1.018036e+00	1.018036e+00  5864.207273983485
1.972698e-02	1.018035e+00	1.018035e+00  5863.956537963985
2.124443e-02	1.018034e+00	1.018034e+00  5863.682735684378
2.276189e-02	1.018035e+00	1.018035e+00  5863.381508155555
2.427934e-02	1.018037e+00	1.018037e+00  5863.07808404107
2.579679e-02	1.018041e+00	1.018041e+00  5862.746439405177
2.731424e-02	1.018045e+00	1.018045e+00  5862.394137464776
2.883169e-02	1.018047e+00	1.018047e+00  5862.019597535025
3.034914e-02	1.018045e+00	1.018045e+00  5861.624734991411
3.186659e-02	1.018037e+00	1.018037e+00  5861.210652242708
3.338404e-02	1.018022e+00	1.018022e+00  5860.779003244236
3.490149e-02	1.018002e+00	1.018002e+00  5860.324143093298
3.641894e-02	1.017984e+00	1.017984e+00  5859.84893441064
3.793639e-02	1.017972e+00	1.017972e+00  5859.355862401299
3.945384e-02	1.017971e+00	1.017971e+00  5858.844272431936
4.097129e-02	1.017986e+00	1.017986e+00  5858.307350607038
4.248874e-02	1.018020e+00	1.018020e+00  5857.753067011381
4.400619e-02	1.018079e+00	1.018079e+00  5857.174191821007
4.552364e-02	1.018157e+00	1.018157e+00  5856.581722914251
4.704109e-02	1.018242e+00	1.018242e+00  5855.950807479812
4.855854e-02	1.018322e+00	1.018322e+00  5855.324068014903
5.007599e-02	1.018386e+00	1.018386e+00  5854.668173071145
5.159344e-02	1.018422e+00	1.018422e+00  5853.992453444619
5.311090e-02	1.018418e+00	1.018418e+00  5853.296072068939
5.462835e-02	1.018363e+00	1.018363e+00  5852.580219992111
5.614580e-02	1.018244e+00	1.018244e+00  5851.844970102154
5.766325e-02	1.018051e+00	1.018051e+00  5851.083415405064
5.918070e-02	1.017774e+00	1.017774e+00  5850.29986781596
6.069815e-02	1.017411e+00	1.017411e+00  5849.504435554015
6.221560e-02	1.016963e+00	1.016963e+00  5848.685288360569
6.373305e-02	1.016433e+00	1.016433e+00  5847.845441519689
6.525050e-02	1.015821e+00	1.015821e+00  5846.984620482473
6.676795e-02	1.015130e+00	1.015130e+00  5846.107343542385
6.828540e-02	1.014361e+00	1.014361e+00  5845.206506411988
6.980285e-02	1.013515e+00	1.013515e+00  5844.289142380138
7.132030e-02	1.012594e+00	1.012594e+00  5843.345839851399
7.283775e-02	1.011599e+00	1.011599e+00  5842.386147511407
7.435520e-02	1.010533e+00	1.010533e+00  5841.403819253582
7.587265e-02	1.009395e+00	1.009395e+00  5840.404512045404
7.739010e-02	1.008189e+00	1.008189e+00  5839.385957173929
7.890755e-02	1.006915e+00	1.006915e+00  5838.344320256861
8.042500e-02	1.005579e+00	1.005579e+00  5837.276057039648
8.194245e-02	1.004184e+00	1.004184e+00  5836.200973245059
8.345990e-02	1.002738e+00	1.002738e+00  5835.100726732177
8.497736e-02	1.001245e+00	1.001245e+00  5833.979616425272
8.649481e-02	9.997104e-01	9.997104e-01  5832.840106333263
8.801226e-02	9.981396e-01	9.981396e-01  5831.686481357311
8.952971e-02	9.965379e-01	9.965379e-01  5830.499133710602
9.104716e-02	9.949107e-01	9.949107e-01  5829.305506731344
9.256461e-02	9.932634e-01	9.932634e-01  5828.086171341329
9.408206e-02	9.916013e-01	9.916013e-01  5826.853444889834
9.559951e-02	9.899297e-01	9.899297e-01  5825.593261191042
9.711696e-02	9.882540e-01	9.882540e-01  5824.319815434123
9.863441e-02	9.865795e-01	9.865795e-01  5823.02485225179
1.001519e-01	9.849115e-01	9.849115e-01  5821.70819240863
1.016693e-01	9.832555e-01	9.832555e-01  5820.547264936782
1.031868e-01	9.816167e-01	9.816167e-01  5819.0202788477245
1.047042e-01	9.800005e-01	9.800005e-01  5817.649521420775
1.062217e-01	9.784100e-01	9.784100e-01  5816.2590276815345
1.077391e-01	9.768437e-01	9.768437e-01  5814.857112448942
1.092566e-01	9.752995e-01	9.752995e-01  5813.41449025703
1.107740e-01	9.737752e-01	9.737752e-01  5811.974125329845
1.122915e-01	9.722687e-01	9.722687e-01  5810.50492410324
1.138089e-01	9.707777e-01	9.707777e-01  5809.020646838996
1.153264e-01	9.693003e-01	9.693003e-01  5807.516967568376
1.168438e-01	9.678341e-01	9.678341e-01  5805.993644505668
1.183613e-01	9.663771e-01	9.663771e-01  5804.456828147951
1.198787e-01	9.649272e-01	9.649272e-01  5802.894923743002
1.213962e-01	9.634821e-01	9.634821e-01  5801.315466860194
1.229136e-01	9.620397e-01	9.620397e-01  5799.714448126943
1.244311e-01	9.605978e-01	9.605978e-01  5798.102662842801
1.259485e-01	9.591544e-01	9.591544e-01  5796.464859625468
1.274660e-01	9.577073e-01	9.577073e-01  5794.812773415997
1.289834e-01	9.562542e-01	9.562542e-01  5793.143756740646
1.305009e-01	9.547931e-01	9.547931e-01  5791.4513612737865
1.320183e-01	9.533219e-01	9.533219e-01  5789.741602020955
1.335358e-01	9.518382e-01	9.518382e-01  5788.015756399506
1.350532e-01	9.503401e-01	9.503401e-01  5786.270378593812
1.365707e-01	9.488254e-01	9.488254e-01  5784.508051067974
1.380881e-01	9.472919e-01	9.472919e-01  5782.725537745339
1.396056e-01	9.457374e-01	9.457374e-01  5780.925996198065
1.411230e-01	9.441598e-01	9.441598e-01  5779.114902174459
1.426405e-01	9.425570e-01	9.425570e-01  5777.269324531967
1.441579e-01	9.409268e-01	9.409268e-01  5775.412314398955
1.456754e-01	9.392671e-01	9.392671e-01  5773.54311735375
1.471928e-01	9.375757e-01	9.375757e-01  5771.648319217588
1.487103e-01	9.358504e-01	9.358504e-01  5769.7399681680035
1.502277e-01	9.340906e-01	9.340906e-01  5767.813393576375
1.517452e-01	9.322971e-01	9.322971e-01  5765.867475438441
1.532626e-01	9.304709e-01	9.304709e-01  5763.905510077671
1.547801e-01	9.286130e-01	9.286130e-01  5761.922753871398
1.562975e-01	9.267245e-01	9.267245e-01  5759.9236344716
1.578150e-01	9.248063e-01	9.248063e-01  5757.908303874661
1.593324e-01	9.228594e-01	9.228594e-01  5755.87071853228
1.608499e-01	9.208849e-01	9.208849e-01  5753.8207499746395
1.623673e-01	9.188838e-01	9.188838e-01  5751.7507015663
1.638848e-01	9.168570e-01	9.168570e-01  5749.653710254398
1.654022e-01	9.148057e-01	9.148057e-01  5747.55668772596
1.669197e-01	9.127307e-01	9.127307e-01  5745.4359792606565
1.684371e-01	9.106331e-01	9.106331e-01  5743.293968766576
1.699546e-01	9.085140e-01	9.085140e-01  5741.138816810891
1.714720e-01	9.063743e-01	9.063743e-01  5738.962525915289
1.729895e-01	9.042150e-01	9.042150e-01  5736.770873557599
1.745069e-01	9.020371e-01	9.020371e-01  5734.554041005174
1.760244e-01	8.998417e-01	8.998417e-01  5732.336276085397
1.775418e-01	8.976297e-01	8.976297e-01  5730.090272984968
1.790593e-01	8.954022e-01	8.954022e-01  5727.834672084976
1.805767e-01	8.931602e-01	8.931602e-01  5725.556683949369
1.820942e-01	8.909047e-01	8.909047e-01  5723.266397653951
1.836116e-01	8.886366e-01	8.886366e-01  5720.952583524312
1.851291e-01	8.863571e-01	8.863571e-01  5718.622387162951
1.866465e-01	8.840670e-01	8.840670e-01  5716.278276906078
1.881640e-01	8.817675e-01	8.817675e-01  5713.918521940817
1.896814e-01	8.794595e-01	8.794595e-01  5711.5435547073985
1.911989e-01	8.771440e-01	8.771440e-01  5709.146450791729
1.927163e-01	8.748221e-01	8.748221e-01  5706.736359603691
1.942338e-01	8.724947e-01	8.724947e-01  5704.306951623513
1.957512e-01	8.701629e-01	8.701629e-01  5701.866299317502
1.972687e-01	8.678277e-01	8.678277e-01  5699.404638476034
1.987861e-01	8.654900e-01	8.654900e-01  5696.931049885249
2.003036e-01	8.631509e-01	8.631509e-01  5694.443240355863
2.018210e-01	8.608103e-01	8.608103e-01  5691.930944351588
2.033385e-01	8.584681e-01	8.584681e-01  5689.406556992425
2.048559e-01	8.561240e-01	8.561240e-01  5686.869630847791
2.063734e-01	8.537778e-01	8.537778e-01  5684.305542990085
2.078908e-01	8.514293e-01	8.514293e-01  5681.742739785747
2.094083e-01	8.490782e-01	8.490782e-01  5679.152684011991
2.109257e-01	8.467243e-01	8.467243e-01  5676.551006450834
2.124432e-01	8.443674e-01	8.443674e-01  5673.935653251314
2.139606e-01	8.420072e-01	8.420072e-01  5671.299136503062
2.154781e-01	8.396435e-01	8.396435e-01  5668.649544849577
2.169955e-01	8.372761e-01	8.372761e-01  5665.986107131885
2.185130e-01	8.349047e-01	8.349047e-01  5663.302183781419
2.200304e-01	8.325291e-01	8.325291e-01  5660.606948970972
2.215479e-01	8.301491e-01	8.301491e-01  5657.896767210998
2.230653e-01	8.277645e-01	8.277645e-01  5655.1706928616
2.245828e-01	8.253749e-01	8.253749e-01  5652.430720946961
2.261003e-01	8.229802e-01	8.229802e-01  5649.673178887789
2.276177e-01	8.205801e-01	8.205801e-01  5646.904499270658
2.291352e-01	8.181744e-01	8.181744e-01  5644.1149237320615
2.306526e-01	8.157629e-01	8.157629e-01  5641.308511739545
2.321701e-01	8.133454e-01	8.133454e-01  5638.499067246462
2.336875e-01	8.109215e-01	8.109215e-01  5635.666211836059
2.352050e-01	8.084911e-01	8.084911e-01  5632.822215160112
2.367224e-01	8.060539e-01	8.060539e-01  5629.961090552064
2.382399e-01	8.036098e-01	8.036098e-01  5627.088624771434
2.397573e-01	8.011584e-01	8.011584e-01  5624.196424402345
2.412748e-01	7.986996e-01	7.986996e-01  5621.291470040256
2.427922e-01	7.962330e-01	7.962330e-01  5618.374535772471
2.443097e-01	7.937586e-01	7.937586e-01  5615.442475260626
2.458271e-01	7.912759e-01	7.912759e-01  5612.492991061223
2.473446e-01	7.887849e-01	7.887849e-01  5609.537102420887
2.488620e-01	7.862853e-01	7.862853e-01  5606.55153673075
2.503795e-01	7.837768e-01	7.837768e-01  5603.569310120578
2.518969e-01	7.812591e-01	7.812591e-01  5600.563761069806
2.534144e-01	7.787322e-01	7.787322e-01  5597.546056659123
2.549318e-01	7.761957e-01	7.761957e-01  5594.5164356480545
2.564493e-01	7.736494e-01	7.736494e-01  5591.468494206474
2.579667e-01	7.710931e-01	7.710931e-01  5588.412627487432
2.594842e-01	7.685268e-01	7.685268e-01  5585.336590573161
2.610016e-01	7.659507e-01	7.659507e-01  5582.250718915
2.625191e-01	7.633649e-01	7.633649e-01  5579.150624131475
2.640365e-01	7.607697e-01	7.607697e-01  5576.036338233056
2.655540e-01	7.581653e-01	7.581653e-01  5572.913282169605
2.670714e-01	7.555518e-01	7.555518e-01  5569.770089093827
2.685889e-01	7.529293e-01	7.529293e-01  5566.617097147683
2.701063e-01	7.502982e-01	7.502982e-01  5563.448626170427
2.716238e-01	7.476586e-01	7.476586e-01  5560.2692645694
2.731412e-01	7.450106e-01	7.450106e-01  5557.076225688655
2.746587e-01	7.423545e-01	7.423545e-01  5553.87033395463
2.761761e-01	7.396905e-01	7.396905e-01  5550.65047578814
2.776936e-01	7.370187e-01	7.370187e-01  5547.4186016128815
2.792110e-01	7.343393e-01	7.343393e-01  5544.172960138842
2.807285e-01	7.316525e-01	7.316525e-01  5540.9146259345325
2.822459e-01	7.289585e-01	7.289585e-01  5537.648579609308
2.837634e-01	7.262575e-01	7.262575e-01  5534.364061840211
2.852808e-01	7.235497e-01	7.235497e-01  5531.066726152546
2.867983e-01	7.208352e-01	7.208352e-01  5527.759384430708
2.883157e-01	7.181143e-01	7.181143e-01  5524.439569266529
2.898332e-01	7.153871e-01	7.153871e-01  5521.107229604962
2.913506e-01	7.126538e-01	7.126538e-01  5517.758333294914
2.928681e-01	7.099146e-01	7.099146e-01  5514.451794890131
2.943855e-01	7.071697e-01	7.071697e-01  5511.036267907097
2.959030e-01	7.044193e-01	7.044193e-01  5507.655663982464
2.974204e-01	7.016636e-01	7.016636e-01  5504.263217280655
2.989379e-01	6.989027e-01	6.989027e-01  5500.858760671677
3.004553e-01	6.961368e-01	6.961368e-01  5497.440936094168
3.019728e-01	6.933662e-01	6.933662e-01  5494.012204905961
3.034902e-01	6.905910e-01	6.905910e-01  5490.573771714416
3.050077e-01	6.878114e-01	6.878114e-01  5487.122065486894
3.065251e-01	6.850275e-01	6.850275e-01  5483.6585263893385
3.080426e-01	6.822397e-01	6.822397e-01  5480.184789894935
3.095600e-01	6.794480e-01	6.794480e-01  5476.698967836204
3.110775e-01	6.766526e-01	6.766526e-01  5473.201984154447
3.125949e-01	6.738538e-01	6.738538e-01  5469.6966230156195
3.141124e-01	6.710517e-01	6.710517e-01  5466.175035165372
3.156298e-01	6.682465e-01	6.682465e-01  5462.647282895153
3.171473e-01	6.654384e-01	6.654384e-01  5459.104103321266
3.186647e-01	6.626276e-01	6.626276e-01  5455.556519425297
3.201822e-01	6.598143e-01	6.598143e-01  5451.988145323505
3.216996e-01	6.569986e-01	6.569986e-01  5448.418461146076
3.232171e-01	6.541807e-01	6.541807e-01  5444.831091146918
3.247345e-01	6.513609e-01	6.513609e-01  5441.239763707704
3.262520e-01	6.485393e-01	6.485393e-01  5437.631041391234
3.277694e-01	6.457161e-01	6.457161e-01  5434.008394589359
3.292869e-01	6.428915e-01	6.428915e-01  5430.391045163375
3.308043e-01	6.400656e-01	6.400656e-01  5426.757035706153
3.323218e-01	6.372388e-01	6.372388e-01  5423.108911167647
3.338392e-01	6.344110e-01	6.344110e-01  5419.452703335311
3.353567e-01	6.315827e-01	6.315827e-01  5415.788423194107
3.368741e-01	6.287538e-01	6.287538e-01  5412.115179656873
3.383916e-01	6.259246e-01	6.259246e-01  5408.424081837472
3.399090e-01	6.230954e-01	6.230954e-01  5404.729286787622
3.414265e-01	6.202662e-01	6.202662e-01  5401.023260855129
3.429439e-01	6.174373e-01	6.174373e-01  5397.307486595155
3.444614e-01	6.146089e-01	6.146089e-01  5393.585255187211
3.459788e-01	6.117811e-01	6.117811e-01  5389.8501054880335
3.474963e-01	6.089541e-01	6.089541e-01  5386.107190279361
3.490137e-01	6.061281e-01	6.061281e-01  5382.352646109164
3.505312e-01	6.033034e-01	6.033034e-01  5378.592353769092
3.520486e-01	6.004800e-01	6.004800e-01  5374.821475993716
3.535661e-01	5.976583e-01	5.976583e-01  5371.04147456643
3.550835e-01	5.948383e-01	5.948383e-01  5367.252475155815
3.566010e-01	5.920202e-01	5.920202e-01  5363.454834070311
3.581184e-01	5.892043e-01	5.892043e-01  5359.648701540216
3.596359e-01	5.863907e-01	5.863907e-01  5355.831356109772
3.611533e-01	5.835796e-01	5.835796e-01  5352.008341322607
3.626708e-01	5.807711e-01	5.807711e-01  5348.175931165855
3.641882e-01	5.779654e-01	5.779654e-01  5344.334092654862
3.657057e-01	5.751623e-01	5.751623e-01  5340.485200345392
3.672231e-01	5.723621e-01	5.723621e-01  5336.626636596126
3.687406e-01	5.695649e-01	5.695649e-01  5332.758960361483
3.702580e-01	5.667706e-01	5.667706e-01  5328.886382027852
3.717755e-01	5.639795e-01	5.639795e-01  5325.0036198322305
3.732929e-01	5.611915e-01	5.611915e-01  5321.112998430344
3.748104e-01	5.584067e-01	5.584067e-01  5317.215627169874
3.763278e-01	5.556253e-01	5.556253e-01  5313.308060565442
3.778453e-01	5.528473e-01	5.528473e-01  5309.39469745722
3.793628e-01	5.500728e-01	5.500728e-01  5305.475631498173
3.808802e-01	5.473018e-01	5.473018e-01  5301.5475439190195
3.823977e-01	5.445346e-01	5.445346e-01  5297.608794901107
3.839151e-01	5.417710e-01	5.417710e-01  5293.660934395844
3.854326e-01	5.390112e-01	5.390112e-01  5289.7085765539105
3.869500e-01	5.362554e-01	5.362554e-01  5285.754424522831
3.884675e-01	5.335035e-01	5.335035e-01  5281.781244655578
3.899849e-01	5.307556e-01	5.307556e-01  5277.811045361431
3.915024e-01	5.280119e-01	5.280119e-01  5273.828310769642
3.930198e-01	5.252724e-01	5.252724e-01  5269.84131031681
3.945373e-01	5.225372e-01	5.225372e-01  5265.8474415452965
3.960547e-01	5.198064e-01	5.198064e-01  5261.844696081976
3.975722e-01	5.170800e-01	5.170800e-01  5257.8369717023015
3.990896e-01	5.143582e-01	5.143582e-01  5253.820845174787
4.006071e-01	5.116410e-01	5.116410e-01  5249.7977537659
4.021245e-01	5.089284e-01	5.089284e-01  5245.767169060767
4.036420e-01	5.062207e-01	5.062207e-01  5241.737538455639
4.051594e-01	5.035178e-01	5.035178e-01  5237.684795188549
4.066769e-01	5.008198e-01	5.008198e-01  5233.646109136902
4.081943e-01	4.981269e-01	4.981269e-01  5229.593355006261
4.097118e-01	4.954390e-01	4.954390e-01  5225.532646133305
4.112292e-01	4.927563e-01	4.927563e-01  5221.466133511566
4.127467e-01	4.900789e-01	4.900789e-01  5217.393013936298
4.142641e-01	4.874069e-01	4.874069e-01  5213.321642139372
4.157816e-01	4.847402e-01	4.847402e-01  5209.233835792091
4.172990e-01	4.820790e-01	4.820790e-01  5205.13228822327
4.188165e-01	4.794235e-01	4.794235e-01  5201.048272963082
4.203339e-01	4.767735e-01	4.767735e-01  5196.94565325457
4.218514e-01	4.741294e-01	4.741294e-01  5192.831119675649
4.233688e-01	4.714910e-01	4.714910e-01  5188.72629575078
4.248863e-01	4.688586e-01	4.688586e-01  5184.605955170028
4.264037e-01	4.662321e-01	4.662321e-01  5180.488316108501
4.279212e-01	4.636117e-01	4.636117e-01  5176.356590523313
4.294386e-01	4.609974e-01	4.609974e-01  5172.225376949028
4.309561e-01	4.583893e-01	4.583893e-01  5168.074543023005
4.324735e-01	4.557876e-01	4.557876e-01  5163.939152630481
4.339910e-01	4.531922e-01	4.531922e-01  5159.791885343045
4.355084e-01	4.506033e-01	4.506033e-01  5155.637450824658
4.370259e-01	4.480210e-01	4.480210e-01  5151.477890393737
4.385433e-01	4.454452e-01	4.454452e-01  5147.314351662577
4.400608e-01	4.428762e-01	4.428762e-01  5143.147349823515
4.415782e-01	4.403140e-01	4.403140e-01  5138.975286972152
4.430957e-01	4.377586e-01	4.377586e-01  5134.797138984913
4.446131e-01	4.352102e-01	4.352102e-01  5130.61581096388
4.461306e-01	4.326688e-01	4.326688e-01  5126.363150517407
4.476480e-01	4.301345e-01	4.301345e-01  5122.238411716587
4.491655e-01	4.276074e-01	4.276074e-01  5118.040335452861
4.506829e-01	4.250875e-01	4.250875e-01  5113.843570091519
4.522004e-01	4.225750e-01	4.225750e-01  5109.640075372954
4.537178e-01	4.200700e-01	4.200700e-01  5105.432573852175
4.552353e-01	4.175724e-01	4.175724e-01  5101.222415537416
4.567527e-01	4.150824e-01	4.150824e-01  5097.006499510436
4.582702e-01	4.126001e-01	4.126001e-01  5092.783359246285
4.597876e-01	4.101256e-01	4.101256e-01  5088.564253903329
4.613051e-01	4.076589e-01	4.076589e-01  5084.336602670477
4.628225e-01	4.052001e-01	4.052001e-01  5080.107227827169
4.643400e-01	4.027492e-01	4.027492e-01  5075.872347114592
4.658574e-01	4.003065e-01	4.003065e-01  5071.637937269258
4.673749e-01	3.978719e-01	3.978719e-01  5067.39478059671
4.688923e-01	3.954455e-01	3.954455e-01  5063.149638072828
4.704098e-01	3.930275e-01	3.930275e-01  5058.903200338944
4.719272e-01	3.906178e-01	3.906178e-01  5054.652318249279
4.734447e-01	3.882166e-01	3.882166e-01  5050.398014297948
4.749621e-01	3.858240e-01	3.858240e-01  5046.142014576429
4.764796e-01	3.834400e-01	3.834400e-01  5041.881317411883
4.779970e-01	3.810647e-01	3.810647e-01  5037.618279183354
4.795145e-01	3.786982e-01	3.786982e-01  5033.352964399622
4.810319e-01	3.763404e-01	3.763404e-01  5029.08857655992
4.825494e-01	3.739913e-01	3.739913e-01  5024.812516727869
4.840668e-01	3.716508e-01	3.716508e-01  5020.5380083827595
4.855843e-01	3.693191e-01	3.693191e-01  5016.264658634302
4.871017e-01	3.669959e-01	3.669959e-01  5011.982025479123
4.886192e-01	3.646814e-01	3.646814e-01  5007.7002016799315
4.901366e-01	3.623755e-01	3.623755e-01  5003.415079871525
4.916541e-01	3.600782e-01	3.600782e-01  4999.130873943692
4.931715e-01	3.577895e-01	3.577895e-01  4994.839577337113
4.946890e-01	3.555093e-01	3.555093e-01  4990.547855534615
4.962064e-01	3.532376e-01	3.532376e-01  4986.254053600755
4.977239e-01	3.509745e-01	3.509745e-01  4981.95823174163
4.992413e-01	3.487198e-01	3.487198e-01  4977.659655830615
5.007588e-01	3.464736e-01	3.464736e-01  4973.36083955422
5.022762e-01	3.442358e-01	3.442358e-01  4969.060672597066
5.037937e-01	3.420065e-01	3.420065e-01  4964.7560585330375
5.053111e-01	3.397855e-01	3.397855e-01  4960.450420730716
5.068286e-01	3.375730e-01	3.375730e-01  4956.143257860704
5.083460e-01	3.353688e-01	3.353688e-01  4951.833402613342
5.098635e-01	3.331730e-01	3.331730e-01  4947.52388316229
5.113809e-01	3.309855e-01	3.309855e-01  4943.212379756793
5.128984e-01	3.288063e-01	3.288063e-01  4938.898814185342
5.144158e-01	3.266354e-01	3.266354e-01  4934.584430656824
5.159333e-01	3.244727e-01	3.244727e-01  4930.267189695308
5.174507e-01	3.223183e-01	3.223183e-01  4925.949431893975
5.189682e-01	3.201721e-01	3.201721e-01  4921.630171481007
5.204856e-01	3.180342e-01	3.180342e-01  4917.310445331552
5.220031e-01	3.159044e-01	3.159044e-01  4912.988021097998
5.235205e-01	3.137828e-01	3.137828e-01  4908.665462244085
5.250380e-01	3.116693e-01	3.116693e-01  4904.342619016276
5.265554e-01	3.095640e-01	3.095640e-01  4900.017811645784
5.280729e-01	3.074668e-01	3.074668e-01  4895.693797546317
5.295903e-01	3.053777e-01	3.053777e-01  4891.367326011091
5.311078e-01	3.032966e-01	3.032966e-01  4887.040578226033
5.326252e-01	3.012236e-01	3.012236e-01  4882.712497066758
5.341427e-01	2.991586e-01	2.991586e-01  4878.3836611422585
5.356602e-01	2.971016e-01	2.971016e-01  4874.055348444539
5.371776e-01	2.950527e-01	2.950527e-01  4869.7247209621155
5.386951e-01	2.930116e-01	2.930116e-01  4865.394869466827
5.402125e-01	2.909786e-01	2.909786e-01  4861.065392508093
5.417300e-01	2.889534e-01	2.889534e-01  4856.734022607096
5.432474e-01	2.869362e-01	2.869362e-01  4852.401886522718
5.447649e-01	2.849269e-01	2.849269e-01  4848.073305417196
5.462823e-01	2.829254e-01	2.829254e-01  4843.738019832744
5.477998e-01	2.809318e-01	2.809318e-01  4839.407216714614
5.493172e-01	2.789460e-01	2.789460e-01  4835.075080518759
5.508347e-01	2.769681e-01	2.769681e-01  4830.743023800807
5.523521e-01	2.749979e-01	2.749979e-01  4826.411114439093
5.538696e-01	2.730355e-01	2.730355e-01  4822.079207237284
5.553870e-01	2.710808e-01	2.710808e-01  4817.74629027426
5.569045e-01	2.691339e-01	2.691339e-01  4813.41524906948
5.584219e-01	2.671947e-01	2.671947e-01  4809.083189474431
5.599394e-01	2.652632e-01	2.652632e-01  4804.750388785471
5.614568e-01	2.633393e-01	2.633393e-01  4800.420581982463
5.629743e-01	2.614231e-01	2.614231e-01  4796.089628319212
5.644917e-01	2.595145e-01	2.595145e-01  4791.763210897375
5.660092e-01	2.576136e-01	2.576136e-01  4787.4309884644335
5.675266e-01	2.557202e-01	2.557202e-01  4783.101040339935
5.690441e-01	2.538344e-01	2.538344e-01  4778.773771905176
5.705615e-01	2.519562e-01	2.519562e-01  4774.444962097925
5.720790e-01	2.500855e-01	2.500855e-01  4770.118698301039
5.735964e-01	2.482223e-01	2.482223e-01  4765.791333708857
5.751139e-01	2.463666e-01	2.463666e-01  4761.465080826376
5.766313e-01	2.445184e-01	2.445184e-01  4757.140432150645
5.781488e-01	2.426776e-01	2.426776e-01  4752.821531610415
5.796662e-01	2.408443e-01	2.408443e-01  4748.493686292402
5.811837e-01	2.390185e-01	2.390185e-01  4744.172313123099
5.827011e-01	2.372001e-01	2.372001e-01  4739.851072025466
5.842186e-01	2.353892e-01	2.353892e-01  4735.530826369261
5.857360e-01	2.335857e-01	2.335857e-01  4731.212545752909
5.872535e-01	2.317896e-01	2.317896e-01  4726.894628050824
5.887709e-01	2.300010e-01	2.300010e-01  4722.579865106721
5.902884e-01	2.282199e-01	2.282199e-01  4718.264644292497
5.918058e-01	2.264461e-01	2.264461e-01  4713.950872422206
5.933233e-01	2.246799e-01	2.246799e-01  4709.638865153705
5.948407e-01	2.229210e-01	2.229210e-01  4705.326405723738
5.963582e-01	2.211696e-01	2.211696e-01  4701.020380896241
5.978756e-01	2.194256e-01	2.194256e-01  4696.712947821616
5.993931e-01	2.176891e-01	2.176891e-01  4692.404759583475
6.009105e-01	2.159599e-01	2.159599e-01  4688.10219224294
6.024280e-01	2.142382e-01	2.142382e-01  4683.8010563660055
6.039454e-01	2.125240e-01	2.125240e-01  4679.501489125696
6.054629e-01	2.108171e-01	2.108171e-01  4675.200865727952
6.069803e-01	2.091177e-01	2.091177e-01  4670.904789056488
6.084978e-01	2.074256e-01	2.074256e-01  4666.607984059577
6.100152e-01	2.057410e-01	2.057410e-01  4662.316226662256
6.115327e-01	2.040638e-01	2.040638e-01  4658.013525390406
6.130501e-01	2.023940e-01	2.023940e-01  4653.73607623845
6.145676e-01	2.007316e-01	2.007316e-01  4649.448106044
6.160850e-01	1.990767e-01	1.990767e-01  4645.165832200779
6.176025e-01	1.974291e-01	1.974291e-01  4640.8827827696805
6.191199e-01	1.957889e-01	1.957889e-01  4636.603083600965
6.206374e-01	1.941561e-01	1.941561e-01  4632.324445027855
6.221548e-01	1.925308e-01	1.925308e-01  4628.049152861556
6.236723e-01	1.909128e-01	1.909128e-01  4623.776071500851
6.251897e-01	1.893022e-01	1.893022e-01  4619.505472139644
6.267072e-01	1.876990e-01	1.876990e-01  4615.237026804755
6.282246e-01	1.861032e-01	1.861032e-01  4610.971826995803
6.297421e-01	1.845147e-01	1.845147e-01  4606.708712870277
6.312595e-01	1.829337e-01	1.829337e-01  4602.448451219425
6.327770e-01	1.813600e-01	1.813600e-01  4598.1911966333455
6.342944e-01	1.797937e-01	1.797937e-01  4593.935702316513
6.358119e-01	1.782348e-01	1.782348e-01  4589.682688907074
6.373293e-01	1.766833e-01	1.766833e-01  4585.435107750919
6.388468e-01	1.751391e-01	1.751391e-01  4581.186978209294
6.403642e-01	1.736023e-01	1.736023e-01  4576.944068258233
6.418817e-01	1.720729e-01	1.720729e-01  4572.702551910295
6.433991e-01	1.705508e-01	1.705508e-01  4568.4652191547475
6.449166e-01	1.690361e-01	1.690361e-01  4564.232231998826
6.464340e-01	1.675288e-01	1.675288e-01  4559.999452510717
6.479515e-01	1.660288e-01	1.660288e-01  4555.768063997057
6.494689e-01	1.645362e-01	1.645362e-01  4551.545953483821
6.509864e-01	1.630509e-01	1.630509e-01  4547.32391261201
6.525038e-01	1.615730e-01	1.615730e-01  4543.105498752442
6.540213e-01	1.601024e-01	1.601024e-01  4538.880015783546
6.555387e-01	1.586392e-01	1.586392e-01  4534.679457831495
6.570562e-01	1.571833e-01	1.571833e-01  4530.46750271552
6.585736e-01	1.557348e-01	1.557348e-01  4526.263338635976
6.600911e-01	1.542936e-01	1.542936e-01  4522.059824402353
6.616085e-01	1.528598e-01	1.528598e-01  4517.862763522874
6.631260e-01	1.514332e-01	1.514332e-01  4513.668267121388
6.646434e-01	1.500141e-01	1.500141e-01  4509.477680209552
6.661609e-01	1.486022e-01	1.486022e-01  4505.28981783614
6.676783e-01	1.471977e-01	1.471977e-01  4501.1061484429165
6.691958e-01	1.458005e-01	1.458005e-01  4496.925915380322
6.707132e-01	1.444107e-01	1.444107e-01  4492.749096462137
6.722307e-01	1.430283e-01	1.430283e-01  4488.576679371885
6.737481e-01	1.416533e-01	1.416533e-01  4484.409813071954
6.752656e-01	1.402857e-01	1.402857e-01  4480.243466999374
6.767830e-01	1.389257e-01	1.389257e-01  4476.082011777142
6.783005e-01	1.375732e-01	1.375732e-01  4471.925656038379
6.798179e-01	1.362282e-01	1.362282e-01  4467.772901564758
6.813354e-01	1.348909e-01	1.348909e-01  4463.623854768046
6.828528e-01	1.335612e-01	1.335612e-01  4459.480075978237
6.843703e-01	1.322391e-01	1.322391e-01  4455.33850224895
6.858877e-01	1.309248e-01	1.309248e-01  4451.202141600731
6.874052e-01	1.296183e-01	1.296183e-01  4447.070025033901
6.889226e-01	1.283195e-01	1.283195e-01  4442.943284238012
6.904401e-01	1.270285e-01	1.270285e-01  4438.817750656558
6.919576e-01	1.257454e-01	1.257454e-01  4434.698020189547
6.934750e-01	1.244702e-01	1.244702e-01  4430.583503019371
6.949925e-01	1.232029e-01	1.232029e-01  4426.471854181258
6.965099e-01	1.219436e-01	1.219436e-01  4422.366802254078
6.980274e-01	1.206922e-01	1.206922e-01  4418.264609766363
6.995448e-01	1.194489e-01	1.194489e-01  4414.167194039878
7.010623e-01	1.182137e-01	1.182137e-01  4410.074683911352
7.025797e-01	1.169865e-01	1.169865e-01  4405.984983427699
7.040972e-01	1.157675e-01	1.157675e-01  4401.902115773852
7.056146e-01	1.145567e-01	1.145567e-01  4397.823111245606
7.071321e-01	1.133540e-01	1.133540e-01  4393.748512995862
7.086495e-01	1.121596e-01	1.121596e-01  4389.679237575589
7.101670e-01	1.109735e-01	1.109735e-01  4385.614492476943
7.116844e-01	1.097958e-01	1.097958e-01  4381.554720841126
7.132019e-01	1.086263e-01	1.086263e-01  4377.498493563303
7.147193e-01	1.074653e-01	1.074653e-01  4373.448577067194
7.162368e-01	1.063126e-01	1.063126e-01  4369.403876029583
7.177542e-01	1.051684e-01	1.051684e-01  4365.363171477669
7.192717e-01	1.040328e-01	1.040328e-01  4361.3267508546605
7.207891e-01	1.029056e-01	1.029056e-01  4357.296680502706
7.223066e-01	1.017870e-01	1.017870e-01  4353.2703336539935
7.238240e-01	1.006770e-01	1.006770e-01  4349.249834326704
7.253415e-01	9.957563e-02	9.957563e-02  4345.234277545745
7.268589e-01	9.848294e-02	9.848294e-02  4341.223517421453
7.283764e-01	9.739895e-02	9.739895e-02  4337.217904495621
7.298938e-01	9.632370e-02	9.632370e-02  4333.217772272936
7.314113e-01	9.525722e-02	9.525722e-02  4329.222820178817
7.329287e-01	9.419956e-02	9.419956e-02  4325.233114687212
7.344462e-01	9.315074e-02	9.315074e-02  4321.248634980879
7.359636e-01	9.211081e-02	9.211081e-02  4317.268946757553
7.374811e-01	9.107979e-02	9.107979e-02  4313.29536312136
7.389985e-01	9.005773e-02	9.005773e-02  4309.3267279640495
7.405160e-01	8.904465e-02	8.904465e-02  4305.361886855841
7.420334e-01	8.804060e-02	8.804060e-02  4301.404943331731
7.435509e-01	8.704561e-02	8.704561e-02  4297.45181516998
7.450683e-01	8.605969e-02	8.605969e-02  4293.505496801965
7.465858e-01	8.508265e-02	8.508265e-02  4289.563021370322
7.481032e-01	8.411422e-02	8.411422e-02  4285.6271544689325
7.496207e-01	8.315414e-02	8.315414e-02  4281.697322636192
7.511381e-01	8.220212e-02	8.220212e-02  4277.771244885564
7.526556e-01	8.125790e-02	8.125790e-02  4273.851683701038
7.541730e-01	8.032120e-02	8.032120e-02  4269.937572126356
7.556905e-01	7.939175e-02	7.939175e-02  4266.029093736984
7.572079e-01	7.846928e-02	7.846928e-02  4262.126828613067
7.587254e-01	7.755351e-02	7.755351e-02  4258.228939645715
7.602428e-01	7.664418e-02	7.664418e-02  4254.338180865636
7.617603e-01	7.574100e-02	7.574100e-02  4250.451826036688
7.632777e-01	7.484372e-02	7.484372e-02  4246.57185939177
7.647952e-01	7.395205e-02	7.395205e-02  4242.697241810651
7.663126e-01	7.306572e-02	7.306572e-02  4238.828350702226
7.678301e-01	7.218446e-02	7.218446e-02  4234.963956637747
7.693475e-01	7.130800e-02	7.130800e-02  4231.109008546296
7.708650e-01	7.043607e-02	7.043607e-02  4227.256641360058
7.723824e-01	6.956839e-02	6.956839e-02  4223.411666870553
7.738999e-01	6.870468e-02	6.870468e-02  4219.572053046593
7.754173e-01	6.784469e-02	6.784469e-02  4215.738597737645
7.769348e-01	6.698813e-02	6.698813e-02  4211.910763275616
7.784522e-01	6.613474e-02	6.613474e-02  4208.089290611301
7.799697e-01	6.528423e-02	6.528423e-02  4204.273016651546
7.814871e-01	6.443634e-02	6.443634e-02  4200.463193451458
7.830046e-01	6.359080e-02	6.359080e-02  4196.658276126349
7.845220e-01	6.274733e-02	6.274733e-02  4192.861734871082
7.860395e-01	6.190566e-02	6.190566e-02  4189.069105448173
7.875569e-01	6.106552e-02	6.106552e-02  4185.284197256285
7.890744e-01	6.022663e-02	6.022663e-02  4181.503928567028
7.905918e-01	5.938873e-02	5.938873e-02  4177.730441438817
7.921093e-01	5.855154e-02	5.855154e-02  4173.962810110782
7.936267e-01	5.771478e-02	5.771478e-02  4170.20113805473
7.951442e-01	5.687819e-02	5.687819e-02  4166.4450470135735
7.966616e-01	5.604150e-02	5.604150e-02  4162.697100032729
7.981791e-01	5.520442e-02	5.520442e-02  4158.954184785128
7.996965e-01	5.436669e-02	5.436669e-02  4155.217373444547
8.012140e-01	5.352804e-02	5.352804e-02  4151.486670781488
8.027314e-01	5.268819e-02	5.268819e-02  4147.7627716762645
8.042489e-01	5.184687e-02	5.184687e-02  4144.044852644991
8.057663e-01	5.100381e-02	5.100381e-02  4140.331849367123
8.072838e-01	5.015877e-02	5.015877e-02  4136.62830104329
8.088012e-01	4.931205e-02	4.931205e-02  4132.929734039294
8.103187e-01	4.846435e-02	4.846435e-02  4129.237695027225
8.118361e-01	4.761642e-02	4.761642e-02  4125.550887321561
8.133536e-01	4.676896e-02	4.676896e-02  4121.871903448735
8.148710e-01	4.592269e-02	4.592269e-02  4118.199139229436
8.163885e-01	4.507836e-02	4.507836e-02  4114.532609041355
8.179059e-01	4.423666e-02	4.423666e-02  4110.872275368098
8.194234e-01	4.339834e-02	4.339834e-02  4107.218570518201
8.209408e-01	4.256411e-02	4.256411e-02  4103.572041649195
8.224583e-01	4.173469e-02	4.173469e-02  4099.931987582271
8.239757e-01	4.091082e-02	4.091082e-02  4096.298583355573
8.254932e-01	4.009320e-02	4.009320e-02  4092.6713043620925
8.270106e-01	3.928257e-02	3.928257e-02  4089.05199265455
8.285281e-01	3.847965e-02	3.847965e-02  4085.4379103159026
8.300455e-01	3.768515e-02	3.768515e-02  4081.8314229327275
8.315630e-01	3.689981e-02	3.689981e-02  4078.231057785631
8.330804e-01	3.612435e-02	3.612435e-02  4074.6385843049998
8.345979e-01	3.535949e-02	3.535949e-02  4071.0522162804787
8.361153e-01	3.460595e-02	3.460595e-02  4067.472342864321
8.376328e-01	3.386445e-02	3.386445e-02  4063.8994762777324
8.391502e-01	3.313573e-02	3.313573e-02  4060.334996274783
8.406677e-01	3.242050e-02	3.242050e-02  4056.775760744387
8.421851e-01	3.171948e-02	3.171948e-02  4053.224030918407
8.437026e-01	3.103340e-02	3.103340e-02  4049.6792791172497
8.452201e-01	3.036298e-02	3.036298e-02  4046.1419118152676
8.467375e-01	2.970895e-02	2.970895e-02  4042.6097745664542
8.482550e-01	2.907202e-02	2.907202e-02  4039.0868268772206
8.497724e-01	2.845293e-02	2.845293e-02  4035.5685372746966
8.512899e-01	2.785238e-02	2.785238e-02  4032.0593515765486
8.528073e-01	2.727066e-02	2.727066e-02  4028.556682819077
8.543248e-01	2.670710e-02	2.670710e-02  4025.0611010274406
8.558422e-01	2.616093e-02	2.616093e-02  4021.5724409572404
8.573597e-01	2.563136e-02	2.563136e-02  4018.089933183739
8.588771e-01	2.511761e-02	2.511761e-02  4014.6159049295047
8.603946e-01	2.461891e-02	2.461891e-02  4011.148413475755
8.619120e-01	2.413449e-02	2.413449e-02  4007.688548824281
8.634295e-01	2.366355e-02	2.366355e-02  4004.2348283457245
8.649469e-01	2.320533e-02	2.320533e-02  4000.7883358258437
8.664644e-01	2.275904e-02	2.275904e-02  3997.3498646173275
8.679818e-01	2.232391e-02	2.232391e-02  3993.917380796163
8.694993e-01	2.189916e-02	2.189916e-02  3990.492531037326
8.710167e-01	2.148401e-02	2.148401e-02  3987.0745990747373
8.725342e-01	2.107768e-02	2.107768e-02  3983.6646617301813
8.740516e-01	2.067939e-02	2.067939e-02  3980.2602753202245
8.755691e-01	2.028836e-02	2.028836e-02  3976.863867426624
8.770865e-01	1.990382e-02	1.990382e-02  3973.4748673287086
8.786040e-01	1.952499e-02	1.952499e-02  3970.0919499433808
8.801214e-01	1.915109e-02	1.915109e-02  3966.717251434777
8.816389e-01	1.878134e-02	1.878134e-02  3963.3489130781354
8.831563e-01	1.841497e-02	1.841497e-02  3959.987661924461
8.846738e-01	1.805119e-02	1.805119e-02  3956.6330533463015
8.861912e-01	1.768922e-02	1.768922e-02  3953.2857504318094
8.877087e-01	1.732829e-02	1.732829e-02  3949.9466772549413
8.892261e-01	1.696762e-02	1.696762e-02  3946.6132201940786
8.907436e-01	1.660643e-02	1.660643e-02  3943.2878127037334
8.922610e-01	1.624395e-02	1.624395e-02  3939.969278097476
8.937785e-01	1.587939e-02	1.587939e-02  3936.656604668491
8.952959e-01	1.551197e-02	1.551197e-02  3933.3517441640556
8.968134e-01	1.514092e-02	1.514092e-02  3930.0535769912653
8.983308e-01	1.476547e-02	1.476547e-02  3926.764347906606
8.998483e-01	1.438518e-02	1.438518e-02  3923.480687752011
9.013657e-01	1.400033e-02	1.400033e-02  3920.204654895647
9.028832e-01	1.361133e-02	1.361133e-02  3916.9331896607046
9.044006e-01	1.321853e-02	1.321853e-02  3913.671328676698
9.059181e-01	1.282231e-02	1.282231e-02  3910.416596956196
9.074355e-01	1.242307e-02	1.242307e-02  3907.1683711175165
9.089530e-01	1.202116e-02	1.202116e-02  3903.9268127829796
9.104704e-01	1.161698e-02	1.161698e-02  3900.6933904236694
9.119879e-01	1.121090e-02	1.121090e-02  3897.4656953610984
9.135053e-01	1.080330e-02	1.080330e-02  3894.2461065439607
9.150228e-01	1.039456e-02	1.039456e-02  3891.0330339369393
9.165402e-01	9.985056e-03	9.985056e-03  3887.8269570183206
9.180577e-01	9.575163e-03	9.575163e-03  3884.6274722930834
9.195751e-01	9.165263e-03	9.165263e-03  3881.436674627634
9.210926e-01	8.755733e-03	8.755733e-03  3878.2525342604604
9.226100e-01	8.346953e-03	8.346953e-03  3875.0737605586946
9.241275e-01	7.939908e-03	7.939908e-03  3871.903241014908
9.256449e-01	7.537432e-03	7.537432e-03  3868.7398019878647
9.271624e-01	7.142707e-03	7.142707e-03  3865.5836644046612
9.286798e-01	6.758913e-03	6.758913e-03  3862.434061525776
9.301973e-01	6.389232e-03	6.389232e-03  3859.291592868427
9.317147e-01	6.036847e-03	6.036847e-03  3856.156755153044
9.332322e-01	5.704938e-03	5.704938e-03  3853.0286630648507
9.347496e-01	5.396688e-03	5.396688e-03  3849.9082621342413
9.362671e-01	5.115278e-03	5.115278e-03  3846.7896300758125
9.377845e-01	4.863890e-03	4.863890e-03  3843.6867990866713
9.393020e-01	4.645706e-03	4.645706e-03  3840.588001430139
9.408194e-01	4.463906e-03	4.463906e-03  3837.4956009946222
9.423369e-01	4.320970e-03	4.320970e-03  3834.411343985791
9.438543e-01	4.212190e-03	4.212190e-03  3831.3313315967916
9.453718e-01	4.128655e-03	4.128655e-03  3828.2604500737484
9.468892e-01	4.061400e-03	4.061400e-03  3825.1960771458816
9.484067e-01	4.001460e-03	4.001460e-03  3822.1373416893034
9.499241e-01	3.939872e-03	3.939872e-03  3819.0888322524
9.514416e-01	3.867669e-03	3.867669e-03  3816.0444938824044
9.529590e-01	3.775889e-03	3.775889e-03  3813.008363559479
9.544765e-01	3.655566e-03	3.655566e-03  3809.9804970957844
9.559939e-01	3.497735e-03	3.497735e-03  3806.957227292036
9.575114e-01	3.293432e-03	3.293432e-03  3803.9411066354633
9.590288e-01	3.033693e-03	3.033693e-03  3800.932377588426
9.605463e-01	2.709554e-03	2.709554e-03  3797.928729529831
9.620637e-01	2.320468e-03	2.320468e-03  3794.9347228369334
9.635812e-01	1.893870e-03	1.893870e-03  3791.9456658655013
9.650986e-01	1.463006e-03	1.463006e-03  3788.9648557443707
9.666161e-01	1.061119e-03	1.061119e-03  3785.9905148845332
9.681335e-01	7.183130e-04	7.183130e-04  3783.023700963803
9.696510e-01	4.407468e-04	4.407468e-04  3780.0637638783883
9.711684e-01	2.235547e-04	2.235547e-04  3777.1083674422134
9.726859e-01	6.181244e-05	6.181244e-05  3774.1610772311305
9.833080e-01	6.830113e-05	6.830113e-05  3753.7220430955886
9.848255e-01	1.694327e-04	1.694327e-04  3750.828567358698
9.863429e-01	2.740900e-04	2.740900e-04  3747.944341444699
9.878604e-01	3.730394e-04	3.730394e-04  3745.0674309534784
9.893778e-01	4.580082e-04	4.580082e-04  3742.1927592307275
9.908953e-01	5.211488e-04	5.211488e-04  3739.327473997286
9.924127e-01	5.546158e-04	5.546158e-04  3736.4681696032376
9.939302e-01	5.505636e-04	5.505636e-04  3733.6137729379157
9.954476e-01	5.011467e-04	5.011467e-04  3730.7750615071213
9.969651e-01	3.985197e-04	3.985197e-04  3727.9265736727402
9.984825e-01	2.348368e-04	2.348368e-04  3725.0931938879185
1.000000e+00	2.252744e-06	2.252744e-06  3722.264554291389
