# Solar density profiles from model AGSS09ph [arXiv.0909.2668]
r_vec     rho_tot     1H     4He     3He     12C     13C     14N     15N     16O     17O     18O     20Ne     23Na     24Mg     27Al     28Si     P     32S     Cl     40Ar     K     40Ca     Sc     Ti     V     Cr     Mn     56Fe     Co     58Ni     v_esc     
0.0015  150.5  74.63614626654312  130.65634553820425  0.0017188252806313116  0.001636861194505932  0.00037184318094558806  0.8410917473375288  0.0006597608134196186  1.3224012204963915  0.09025230786901557  0.004003887180686836  0.31107958145548975  0.00706209911106761  0.1710186499659849  0.013442277057527936  0.1606479394760883  0.0014072449002789258  0.07469415547210029  0.0019817864347433374  0.01611696049936887  0.0007406398352683896  0.015499308526529962  1.122457260910498e-05  0.0007542031387260008  7.66514444941371e-05  0.0040101471668980435  0.0026141702417992853  0.3121229124906906  0.0010177485582177394  0.017218300740126907  1339.5764710930496  
0.002  150.5  67.19046650038389  117.57028777936976  0.0015483371644967273  0.0014731234301690963  0.00033505793697199363  0.7572314070556714  0.0005940335665295522  1.1905085276814744  0.0810824714006352  0.003605986807137108  0.2798213836408719  0.006355372751098426  0.15394636340423432  0.012098518850740984  0.14461272396332742  0.0012665673601476176  0.06727450681526932  0.0017840021704003102  0.014508222292916779  0.0006665242068553083  0.013952335517361757  1.0104087243851014e-05  0.0006787311799671584  6.898113555609915e-05  0.0036116207947271915  0.002351250820928669  0.28115945569351697  0.0009163211316306874  0.015497926112908324  1339.6029805466728  
0.0025  150.5  64.52553403039796  112.84681831369802  0.001488003730392442  0.0014139956694090895  0.00032145279593987083  0.7271750222605013  0.000570069400315127  1.1433539295483293  0.07774602394978704  0.0034597190993191935  0.2686285282952369  0.006103486555925059  0.14781480081015208  0.011614878576049485  0.13881093744285136  0.0012163704087158266  0.06454296183200996  0.0017122664844116259  0.013926165645005822  0.0006400961100681527  0.013392514340473003  9.700224233435109e-06  0.000651814804255529  6.624517728256089e-05  0.003469484677808674  0.0022572007880915213  0.26971025391253317  0.0008796983342992733  0.014880638262600693  1339.5745707666777  
0.003  150.4  63.50307378922524  110.99518951225801  0.0014657444714226383  0.0013906037702674727  0.000316244070079734  0.7151408247680807  0.000561312096938065  1.1248047557397  0.07629879860423923  0.00340365883613578  0.2647556834925713  0.006002074779303533  0.14541739302422604  0.011428961158900823  0.13658455248021556  0.001196158165237087  0.06354512002994384  0.0016847500890216519  0.013702796817017589  0.0006294729134677376  0.013177792640104517  9.540531985187264e-06  0.0006410017214067069  6.514663316897717e-05  0.003410753487175146  0.0022254250980834433  0.26533994887228385  0.0008656726265268613  0.01463449143145196  1339.5843515113934  
0.00525  150.25  60.90084494196752  105.90620122032831  0.0014162572661062902  0.0013274703964233994  0.0003017279427270817  0.6837446692817823  0.0005362763921841927  1.0763367890682543  0.07171985453495675  0.0032551924500586003  0.2527905942444279  0.005738329536576915  0.1389820036085103  0.010922600685310965  0.13053935375255282  0.0011435437014498827  0.06071583972448416  0.001610320438026099  0.01309653960853992  0.0006017514257089252  0.012594458060284423  9.121003032075211e-06  0.0006127720993152374  6.227754799732746e-05  0.0032604417010570546  0.0021243797396285425  0.2536556381007178  0.0008272343888847638  0.0139914769669394  1339.5132361576723  
0.01325  148.6  56.574393470015075  95.25220280127195  0.001379546564346338  0.0011960111567691975  0.00027188763810846365  0.6223797558778326  0.00048798562200277505  0.9856582365842508  0.058421525870738844  0.0029613747555445767  0.22997906579777527  0.005222249178999715  0.12646741458484329  0.009939871509568345  0.11879630667317434  0.0010406184343248704  0.055247252621929935  0.001465440201838753  0.01191834227235131  0.0005475603336480357  0.011459940263457497  8.300968774775256e-06  0.0005575912496242467  5.667027235055991e-05  0.002966266095335183  0.0019321796135725996  0.23086538923710326  0.0007527558246980808  0.01273115555131198  1339.506087307861  
0.021249999999999998  145.6  56.562298882077904  90.12962342532337  0.001492511486500481  0.001134845985674977  0.00025802033746804697  0.601322616577177  0.00047127315690709086  0.961214501301532  0.04619772068847809  0.0028612400228405725  0.22215985586411946  0.005043328518276585  0.12214795872702938  0.009599368064524676  0.11473222736160316  0.0010049990752127897  0.053359045435092  0.0014152085452365482  0.011510634060354038  0.0005288327099685529  0.011068347675317112  8.015510625130837e-06  0.0005385242473049071  5.473211811948286e-05  0.0028657130400727366  0.0018667391915562254  0.22285133688504719  0.0007270822951602405  0.01229659830034827  1339.1300717979911  
0.028999999999999995  141.7  57.2022180786331  84.71994121486166  0.0016719775246950605  0.0010704906443635377  0.00024347692001526147  0.5817617664042637  0.00045572175127310777  0.9397345698751723  0.03336390748624736  0.0027651621865156266  0.2146925770532356  0.004877254453221464  0.1181081990152426  0.009283074593004372  0.11093498070735947  0.0009718909508851385  0.051601840844072065  0.0013683735144837824  0.011129692705408947  0.0005114156004833299  0.010704007315490188  7.751201454822045e-06  0.0005207918749232695  5.29302647107215e-05  0.0027699553541025556  0.0018060147075084007  0.21565431211861505  0.0007029550541707634  0.01188989330459117  1338.1773499463281  
0.0365  137.0  58.069887496212424  78.66699479286336  0.0019191053089907528  0.0009982753141811575  0.0002269538573240494  0.5602196837657671  0.0004385411147387579  0.9141731090477088  0.02135085690462679  0.0026594610140918793  0.20665926682197203  0.004693936137701033  0.11370053934917462  0.008933937835185847  0.10679085355183024  0.0009353774146783765  0.04966522763060381  0.0013175477211964238  0.010714023764169791  0.0004922179532652403  0.010302461385361427  7.461095547194002e-06  0.000501251369515574  5.094509319581842e-05  0.002666839010442461  0.0017366389694457854  0.20745446102823775  0.0006766022640373691  0.011443604020718619  1336.522099089005  
0.044  131.6  58.98064774213467  72.16520306993053  0.002239290992578019  0.0009193215105258635  0.00020904784646898013  0.537122944332282  0.0004199251325622905  0.8837753380037622  0.011581352394175065  0.002550561222403319  0.19801797311826033  0.004498560318865119  0.10891575695948376  0.008561743857221884  0.10232048009642257  0.0008964235371826964  0.047598204381966776  0.0012619574457520646  0.010265497647722265  0.00047173543412730814  0.009870878000219853  7.15061377040087e-06  0.00048039336469793946  4.882515932005045e-05  0.0025559557744977653  0.0016642056733099486  0.19881149028893794  0.0006484133874146897  0.010966949386285833  1334.1513077904378  
0.05150000000000001  125.79999999999998  59.75424233670353  65.42282543117136  0.002629006162939305  0.0008367785402188715  0.00019022025071556496  0.5117086085905717  0.00040025679512168213  0.8475900805513289  0.00458850493222707  0.002425080194997434  0.18845531422834016  0.004286270334447079  0.10384540453255844  0.008160629008124243  0.09753034357423528  0.0008544533245494502  0.04535502930226054  0.0012032138689469162  0.009784960982025397  0.00044949749856168107  0.009408507895800233  6.811957984523865e-06  0.00045775469513291693  4.652546592430519e-05  0.0024340280630021265  0.0015866544274331545  0.189568080792009  0.0006179589093655205  0.010454146924350772  1331.0922136720785  
0.05899999999999998  119.80000000000001  60.31177762198074  58.72938202692113  0.003114812396257202  0.0007525245670774535  0.0001712585871126206  0.4861016089990862  0.00037969894895861284  0.8084258064797593  0.000311172899705523  0.002305201484595118  0.17925370699952412  0.004071002643321321  0.09857048548701038  0.0077477799051233354  0.09260434373554957  0.0008109038898806224  0.043078918007439286  0.0011421842743362135  0.009290679865434777  0.00042693547261105454  0.008932985905703478  6.473406986754796e-06  0.0004347933998416603  4.415500259524997e-05  0.002315179169678594  0.00150707850335684  0.1797133170157176  0.0005869588282594175  0.009923175698847313  1327.3638826195659  
0.06649999999999999  113.60000000000001  60.555957717453595  52.25720729668912  0.003696034329423806  0.0006705248275337054  0.00015223944098350617  0.45928925652486907  0.0003587591144073656  0.7658579243518283  0.0  0.0021768269436432328  0.1688418484363898  0.003848842085706945  0.09327827979214015  0.007328197290113357  0.08755815935915971  0.0007673406176863268  0.04073156588471695  0.0010805089066546999  0.008784593285578384  0.0004036696859816062  0.008449785032753806  6.119020806132051e-06  0.0004110990793993027  4.1820410566628e-05  0.002187686863370669  0.0014263841957633807  0.17040627490925173  0.0005551189338284722  0.009386502051409189  1323.0085822136762  
0.074  107.4  60.43860614972239  46.18658281522559  0.004385835428635921  0.0005912246899800618  0.0001348057406562413  0.4333342439050959  0.0003383103588621755  0.7229754311404676  0.0  0.002052669769253753  0.15959100209573338  0.0036357727588905036  0.08798513717399653  0.006915141144100885  0.08266014363321862  0.0007240968911957671  0.03843418435965707  0.0010196145598757532  0.008293103715740229  0.0003809018799173886  0.007973449357203476  5.77387798337481e-06  0.00038791763811579555  3.9429424137512056e-05  0.0020602514966751103  0.0013420227668755119  0.16043588260489514  0.0005234310972922571  0.008857411481895033  1318.0560323340687  
0.08149999999999999  101.40000000000002  59.92880163593885  40.608926586725424  0.005205598424372196  0.0005161617573204443  0.00011726379713208147  0.4077825117563163  0.000318701545601676  0.6800246014990183  0.0  0.0019310413095841202  0.15016093490816723  0.003418670425416802  0.08282590101816624  0.006509637463979136  0.07781588456751255  0.0006816794302436449  0.036180574008576265  0.0009594269853144803  0.0078071305133203175  0.00035855745677194954  0.007506104179253128  5.435365059724557e-06  0.0003651720851856478  3.711735123754897e-05  0.0019432381879936076  0.0012673182876073836  0.1514460034489512  0.0004931298094158273  0.008338130603148638  1312.5592549602159  
0.089  95.45  59.02722607521428  35.610058002140676  0.006181641072446612  0.0004470924200901024  0.00010197739099728791  0.3826580578080352  0.00029839347690504165  0.6378684183199224  0.0  0.0018085094579815657  0.140566801659045  0.003212175824026601  0.0777358264073099  0.006112358880900592  0.07303170998784479  0.0006396554120626024  0.033950408734944065  0.0009010314355007483  0.007327213310610323  0.0003369135039691706  0.007048634493996778  5.102689353017538e-06  0.0003426726434739489  3.4831622277283615e-05  0.0018260384596787257  0.0011865107885135257  0.1418834362457402  0.00046293919500627257  0.007830383450473653  1306.5516630935383  
0.0965  89.76  57.77352763161978  31.19475385322812  0.007337230640710538  0.00038361963055803783  8.731774854490403e-05  0.3589046900186967  0.00027969938140567896  0.5971537381051947  0.0  0.001699719750473038  0.13223315890159656  0.003009196214254441  0.07297881982957224  0.005734925559268281  0.06851887214654394  0.0006001161430491703  0.0318980848769616  0.0008453816007459681  0.006874488656701652  0.0003156606828010512  0.0066087918474930325  4.787415856083132e-06  0.00032195457094186594  3.267855537526815e-05  0.0017088068654988174  0.0011177155257017992  0.133117572151399  0.0004338806802642999  0.0073423309977726624  1300.0857040557235  
0.10400000000000001  84.31999999999998  56.1971923116588  27.346220113565746  0.008704552428926303  0.00032549890705341655  7.370895359188627e-05  0.33572146278274384  0.0002618644135773602  0.5587580011881972  0.0  0.0015867966634793777  0.12336287698375142  0.002824504094118588  0.06834294270226379  0.005369503453907369  0.06420948168571171  0.0005623560674942102  0.029846403085306804  0.000791735642471071  0.006442124277586775  0.00029627831618673757  0.006192871759339552  4.4862617422908254e-06  0.0003012561763140248  3.062078374460315e-05  0.0016058968794039456  0.0010428363069048664  0.12473763973380245  0.00040704163959270727  0.006880274651100054  1293.1936808700991  
0.1115  79.13  54.35134914385776  24.032524378527366  0.010318977523476623  0.00027279852685286547  6.21790507570071e-05  0.3146783423491046  0.00024496622732085127  0.5221036862043047  0.0  0.00148410404229616  0.11540085866369496  0.0026399520960165737  0.0639911499407435  0.005032396290778451  0.06007232688991523  0.0005265451117735726  0.027945190453490677  0.0007418145687143925  0.006027056468758002  0.00027694698135612156  0.005798476745933396  4.200679709108704e-06  0.00028206706254752596  2.8670917642546973e-05  0.0014989845036943975  0.000976358593802648  0.11679595459298149  0.0003806452256947985  0.006442171463289406  1285.9247573625426  
0.11899999999999998  74.20000000000002  52.285102318819625  21.197033149219397  0.012239853362501146  0.0002257892442494156  5.1263465453537285e-05  0.2942749533616689  0.00022892731693264153  0.4881483097237397  0.0  0.001386675426386381  0.10784386074565783  0.0024743352699138775  0.05985996996400893  0.0047027365713724805  0.056241717732962763  0.0004925549344279868  0.026139488596508064  0.0006934484897506451  0.005642753948075123  0.00025905873164274427  0.005429218539904174  3.929677552827709e-06  0.00026384596447109806  2.6818969723676046e-05  0.0014070818415051606  0.0009182339632605455  0.1092555746537473  0.0003565655031960127  0.006026361598597942  1278.3077242768054  
0.1265  69.54  50.04304856436791  18.8054352816574  0.014520977608580378  0.0002815421621532799  6.962920056511833e-05  0.27450489498418235  0.00021328707080316934  0.4555684477228429  0.0  0.0013000428907691366  0.10124422659131424  0.002308283709431112  0.05596182841496811  0.004401574578411281  0.05258130965989774  0.00046048528413258693  0.02448914478221936  0.0006488020768858033  0.005275497643690683  0.00024217814899621018  0.005071094675035597  3.6738925827464487e-06  0.0002466596684363309  2.512576683292185e-05  0.0013105342732607633  0.0008535940554794916  0.10214128612267863  0.00033285025655405766  0.005633960413736299  1270.386338430224  
0.134  65.12  47.67552371436829  16.78935062502022  0.017207743745779443  0.00427085707903266  0.001224776877319087  0.250825599287084  0.0001995240078161047  0.4247114843804851  4.356191946101378e-05  0.001208237078815641  0.09399938557689026  0.0021613889062386486  0.05227834589192874  0.004106831570727175  0.049121586550839154  0.00043070578813132765  0.022827968646437255  0.000605604623647835  0.0049284141683998434  0.00022674953318956676  0.004737160611042744  3.432107093185695e-06  0.00023094139198095504  2.3422826486789753e-05  0.0012293750779627847  0.0007972844184580793  0.09542047077747363  0.0003114480504449638  0.005263164099822143  1262.1859997454876  
0.1415  60.94  45.2320666047547  15.089898457586418  0.020411207273248577  0.04096753199538865  0.01183491696378597  0.1781713331872624  0.0001861018189317231  0.396712929392192  0.00010240330033576356  0.0011267785815045836  0.08767649296096146  0.0020130423219367195  0.048865545747051736  0.003839687359715992  0.04586571243565969  0.00040166493634967746  0.021313738725678436  0.000565971855371  0.004601894293537978  0.00021121850297537697  0.004423109106704807  3.20468293075038e-06  0.00021513369381200202  2.1869615136171628e-05  0.0011428101316882523  0.0007495460747715858  0.08909211070281628  0.00029082389663038295  0.0049195400935081735  1253.7449412114586  
0.149  57.0  42.754867001462166  13.673008167721553  0.024233976847493774  0.1493477525687835  0.043154665195158134  0.0013270238464466733  0.0001734444968297987  0.3703376107926266  0.00013132014886533527  0.0010552943678029322  0.08171645051080278  0.001883223979064169  0.04559367375786718  0.003582581397143023  0.0427932894019207  0.0003747414516498565  0.019937276650979295  0.0005280615641760669  0.0042934768489209805  0.00019758523890970372  0.004131941040958201  2.9899163458460913e-06  0.00020070776109530267  2.040318344440962e-05  0.0010713514171962538  0.000694239320075699  0.0831215026869383  0.00027135046212087163  0.004584825675226039  1245.0853060435716  
0.1565  53.26  40.28407161847872  12.46259078961842  0.02871277340699027  0.2797313021570632  0.07930211767179049  0.0  0.0001620702780259854  0.34501240690088714  0.00014311448150594442  0.000977666930016396  0.07663491313163194  0.001756003249376892  0.04251165713385198  0.0033403679318367205  0.039951151328006744  0.0003504520343119179  0.018591159112011948  0.0004928801645328678  0.004008364702490396  0.00018424115919911274  0.0038526000035650296  2.7930104244646237e-06  0.0001876527689409835  1.9075534101687376e-05  0.0009990884553115202  0.0006525016245468203  0.07749504587940309  0.00025300393687994305  0.004285258474259543  1236.240590032782  
0.164  49.73  37.81167135378746  11.439686200569032  0.03395326661020892  0.3409724772502796  0.08344357286058667  0.0  0.00015085814351547812  0.3211572663456433  0.0001446713998262782  0.000915006979137284  0.07135959943517595  0.0016413716491279892  0.03965901090783462  0.0031172543783095454  0.03727560593546789  0.0003260103861335952  0.017321601741709724  0.0004592070116720184  0.0037344561985054752  0.00017165629675210941  0.0035946383484270947  2.602240563750487e-06  0.0001748389940050294  1.7773213148004774e-05  0.0009255035947948362  0.0006027036257235142  0.07272954353851377  0.00023570600792843517  0.003992734533062311  1227.2300684516194  
0.1715  46.39  35.38740739223111  10.547192091599776  0.04010876015954779  0.3219405051189658  0.04259024513738601  0.0  0.00014029163999677895  0.29920873813515664  0.00014082390401389065  0.0008508900541663474  0.06584211970795276  0.0015228150370423827  0.03691756621249653  0.002901871841680126  0.0347008405944502  0.00030398428881472174  0.016123499705666802  0.00042799014160640304  0.003481528072514654  0.0001597893809424736  0.0033462293427386812  2.422350619327141e-06  0.0001627524514146594  1.654477715514559e-05  0.0008665829440436697  0.0005661643708695891  0.06718409360709288  0.00021992529841406147  0.003716749472302778  1218.083185601131  
0.179  43.24  33.01757825364946  9.764095779355552  0.04738345540694967  0.2643712170681085  0.0  0.0  0.00013033838573326423  0.27803661047843425  0.00013398975420282042  0.000790547814214549  0.061690621251701536  0.0014161146127417597  0.03438753184239205  0.0027041122679228547  0.03227316543502361  0.0002827180786626876  0.014994894234354362  0.00039804198940841736  0.0032380173668763346  0.00014859886263535375  0.0031174955903918366  2.2527865820941486e-06  0.00015189566939750206  1.5386903117220407e-05  0.0008059680486165418  0.0005267134029283707  0.0630107724827759  0.0002045473867021186  0.003456627564527554  1208.817101866845  
0.1865  40.25  30.744230494887884  9.062957034803068  0.055865776681715676  0.20608409442517392  0.0  0.0  0.00012097589541308724  0.2581052715467681  0.00012647056714664082  0.0007337160681145073  0.057276256365630926  0.0013209352524535523  0.03195214901706792  0.0025073780881831476  0.02998683630708675  0.0002626867937878668  0.013984963665255945  0.000370365594669285  0.0030139472433671883  0.0001385925813982944  0.002891475076271388  2.098347038587574e-06  0.00014062347056215146  1.43490681897599e-05  0.0007542130550740461  0.0004895146144230217  0.058024647413866655  0.00019058692935552005  0.003216858132829753  1199.4576948715662  
0.194  37.44  28.56384154948095  8.440611342758475  0.06606504155190161  0.15966354869527724  0.0  0.0  0.00011270047771313359  0.23989611281017104  0.00011808175197130507  0.0006802949712562442  0.0531267330991523  0.0012262835244470837  0.029660657882104546  0.0023326203773480127  0.02788709263726622  0.00024435642309014765  0.012930461718853576  0.0003438067985571337  0.0027926075993800867  0.0001281353907116644  0.002689053113093841  1.947858007328168e-06  0.00013105122278343412  1.3269100265377118e-05  0.0006950704979682535  0.0004491021563026443  0.05437858572459388  0.0001764102942389475  0.002986146056190654  1190.0202264320062  
0.20149999999999998  34.790000000000006  26.4999022239162  7.864009815628433  0.07782746484551065  0.12766035657901062  0.0  0.014556319462029708  0.00010388920125877507  0.2227900876508605  0.00010978392342039416  0.0006300981903728081  0.049222833531022525  0.0011371657527140015  0.02755582878309887  0.0021630017513879856  0.025859358182761603  0.0002265993681998473  0.012040643118365687  0.0003188033998711835  0.0025945356625305263  0.00011932276807726533  0.002493510295515372  1.8062487579409997e-06  0.00012100936410549415  1.2354734315076965e-05  0.0006444561860373627  0.000421449603014923  0.04990874957755423  0.00016356852041126644  0.0027741100217417375  1180.5275767242533  
0.20900000000000002  32.28999999999999  24.545645853136044  7.331332756299952  0.09194918243804422  0.10447000305365894  0.0  0.020317765079250184  9.664112580883924e-05  0.20570773462605446  0.00010256831069359508  0.0005881735204909658  0.04555788115414715  0.0010534105395609713  0.025474754147394876  0.0020088443407709914  0.023954670405462928  0.0002099159620543506  0.011154530464423254  0.0002958336670839405  0.0024086467827620114  0.00011053955589511115  0.0023150104150746944  1.673204002714168e-06  0.00011259604908195357  1.1446023182455953e-05  0.0005969574074154894  0.0003904693040895852  0.04673604181353174  0.00015202473834559542  0.0025700131137809  1170.9934293633485  
0.2165  29.93  22.693826553664636  6.825704020761221  0.1087687707466711  0.08975219532324691  0.0  0.021242084802999786  8.934342705465468e-05  0.19120602236044254  9.430542562953972e-05  0.0005387041914094529  0.04263143950948408  0.000974759722858971  0.023673713290988663  0.0018539199603961872  0.022217473680000745  0.00019424203165815823  0.010322324878507741  0.0002737600349415769  0.0022239164700562962  0.00010229319688285077  0.002142342263730888  1.5533631117543963e-06  0.00010419526376103859  1.0592303929444071e-05  0.0005574291977200275  0.00036134658251096033  0.04325586984660549  0.0001406860456105282  0.0023781915321063937  1161.4376594833009  
0.224  27.73  20.95989208412153  6.359173548609973  0.12889513539661726  0.07812392291837708  0.0  0.020557945482349307  8.250509005547307e-05  0.17612267759838698  8.757026025580573e-05  0.0005023599179001052  0.038891900053093995  0.0009010558908559528  0.021835652728687736  0.0017187158333480433  0.020539067090138797  0.00018005656633483154  0.009542140846250291  0.00025356817651189394  0.0020607294749189005  9.456021133017572e-05  0.0019804137813746892  1.4360851580962332e-06  9.632193676802941e-05  9.791698314183381e-06  0.0005103685838417112  0.0003340501171871048  0.03999524750548288  0.00013005427324618075  0.00219842047511816  1151.8725142742746  
0.2315  25.65  19.33134082386805  5.899450359303922  0.1535043854036883  0.07025865377680104  0.0  0.01935028042994524  7.661911495633425e-05  0.16302553390094537  8.079880748581459e-05  0.0004635933360611277  0.03638503332018099  0.0008371084989536079  0.020215728334543843  0.0015873630044198688  0.01896936414498931  0.0001663026260005457  0.008862473466089803  0.00023420365904225867  0.0019032751851931302  8.783015160622882e-05  0.001829048670460355  1.3263864576851019e-06  8.945604683768359e-05  9.042895551437133e-06  0.0004762640495065762  0.00030852598461255867  0.036438702724061384  0.000120611314210553  0.0020352765845567744  1142.315332298765  
0.23899999999999996  23.710000000000008  17.817123394196066  5.475462148803561  0.18355863659795085  0.06316927675993371  0.0  0.017957478219524328  7.014760340668958e-05  0.15029702509105108  7.496665405302482e-05  0.00042736186097851316  0.033062298586167785  0.0007675736208303352  0.018652578562712647  0.0014694758676519154  0.017501768045298776  0.0001534419002977033  0.00812906822479357  0.00021609111797938038  0.0017609664158788102  8.05563549605596e-05  0.0016924217164345163  1.2237877178272503e-06  8.206135473816709e-05  8.34296202177848e-06  0.00043459085487843274  0.00028464524825997446  0.03409267373192995  0.00011080330815471595  0.0018779040550144488  1132.7768546619757  
0.2465  21.9  16.40130360315128  5.058835114849237  0.21859797511628304  0.057890865234377836  0.0  0.01667423173730275  6.508622695596403e-05  0.1384670033024359  6.858606701659752e-05  0.00039364888876952935  0.03093820865267023  0.0007124372363329744  0.01719767011373101  0.0013502164425901197  0.016184386280410867  0.00014147465177830664  0.007494361325794454  0.00019924030994529114  0.001618911553793546  7.475233366067562e-05  0.001560529444653494  1.1283289174975408e-06  7.613854594108815e-05  7.740070306836054e-06  0.0004053964255243958  0.00026243361376595994  0.03143615658576094  0.00010263799498744363  0.0017363172893814969  1123.271866334175  
0.25400000000000006  20.20999999999999  15.08454200276423  4.667516733031904  0.25051151624656237  0.052430596784668784  5.0267975395400406e-05  0.015337988207130969  5.989096272025333e-05  0.12788744520638348  6.357103788700632e-05  0.00036215661071642435  0.027997768046156484  0.0006562024808382311  0.01588539787428776  0.0012481281802011921  0.014905967551160052  0.000130762768655715  0.006948495407655647  0.0001839572080894757  0.0014955638591143058  6.83764085222254e-05  0.0014372441888637392  1.043857021652341e-06  6.96515632645153e-05  7.082009171043535e-06  0.00037346351883349514  0.00024644711129642976  0.028953310206421  9.405758578200912e-05  0.0015944502265762884  1113.8098776760799  
0.2615  18.63  13.863580980881837  4.3186867482467  0.2501355311348215  0.048238549934004255  0.0002646793791688753  0.014143301819986543  5.505613777899895e-05  0.11758391310380362  5.8444866891306005e-05  0.0003328610569394536  0.026199402284709124  0.000603852811293002  0.014617432135982473  0.0011484959220312118  0.013715311888235358  0.00012032869338103731  0.006394427206442715  0.00016926920020844685  0.0013761129948220002  6.336782284800617e-05  0.001322408557238093  9.559090754472158e-07  6.45467007461897e-05  6.561692680639376e-06  0.0003389934558598936  0.00022221364848641352  0.02664060209600725  8.699569233053505e-05  0.001471679095364171  1104.4030384751702  
0.269  17.16  12.75683321902981  4.042861247806291  0.18718067565253704  0.044340847540353494  0.0003625100494162008  0.013038248614256287  5.057421452291503e-05  0.10803452446902186  5.369232460499812e-05  0.0003057220058468186  0.024080171538588973  0.0005552556177624748  0.013441269481107678  0.0010560624156021284  0.012611151448163254  0.00011064787603319192  0.005880227996494161  0.00015564542051716172  0.0012699513996983732  5.827315811925911e-05  0.0012204823928447374  8.83448450258441e-07  5.9357340157713074e-05  6.034326628341505e-06  0.0003161263534558872  0.00020427770471724484  0.024497322732842795  7.99954227706446e-05  0.0013532447842507375  1095.059500267847  
0.2765  15.8  11.758166841177166  3.8045429427628674  0.07296458291784799  0.040738457003133756  0.0003951655348330837  0.011974135731436835  4.6438275272217054e-05  0.09967263741656604  4.93058180363896e-05  0.0002806572380990064  0.02166827062175586  0.0005103757969882393  0.012354308959473346  0.0009706578328798367  0.011635747011013395  0.00010170258322041449  0.005405128010273349  0.0001435063023992643  0.0011628870423755345  5.3564281633818335e-05  0.001117388674258808  8.12067314946545e-07  5.456077797042389e-05  5.5468713131980446e-06  0.0002906151145319861  0.00018774307995183542  0.02296426981533807  7.397679521183217e-05  0.0012438421350642265  1085.7892193328196  
0.284  14.54  10.844678670997444  3.5867441670243587  0.0  0.03740771718339877  0.0003950182902475713  0.010992518395289365  4.26241717341824e-05  0.09107859239411013  4.5260208590310305e-05  0.0002575747236482361  0.02032189594190809  0.0004689285644376522  0.011350823495157166  0.0008962208801412019  0.010648064957266551  9.344457797130804e-05  0.0049665026525820164  0.0001314250629516284  0.0010728232456101133  4.9215388880099017e-05  0.0010309638272259088  7.461582591993507e-07  5.013245443753514e-05  5.096824354902975e-06  0.0002670364390508616  0.00017689225033960996  0.02067281692631954  6.754592942903302e-05  0.0011428085284940818  1076.5992008891133  
0.2915  13.37  9.985714381402572  3.3567279214023555  0.0  0.0343100656441265  0.000379875478106712  0.010122913548996857  3.950862512224557e-05  0.0839457847714106  4.149922102155526e-05  0.00024039698756637585  0.01864121996354293  0.00043035902131176627  0.010460104955320253  0.0008183119588989395  0.00981446387917972  8.575700090852389e-05  0.004557987638670212  0.00012103832339054995  0.0009846681862408422  4.516963288718135e-05  0.0009462321282910905  6.848260428508315e-07  4.601110379900404e-05  4.677809526020487e-06  0.00024511208684182336  0.0001580900581392339  0.018970927280272176  6.198745560281996e-05  0.0010531128222858266  1067.4971637310089  
0.299  12.28  9.173312367451556  3.1100636468367924  0.0  0.03143881798870347  0.0003585681673197404  0.009275402933644712  3.5778073612954134e-05  0.07692030845670325  3.843631521355916e-05  0.0002160973328352361  0.017082589452414823  0.0003946018466700454  0.009592905430388833  0.0007545407662296024  0.009000251346444308  7.905623289230239e-05  0.0041793956769416215  0.00011099275919616826  0.000902951110544867  4.141876463903905e-05  0.0008719524273012014  6.279570657534585e-07  4.219017912528328e-05  4.289333976690204e-06  0.00022476351185747898  0.00014494861095800854  0.017393856723525038  5.725841453312886e-05  0.0009657855461934026  1058.4888258498704  
0.3065  11.29  8.426865638984381  2.86944023252177  0.0  0.028800929744978006  0.00033559501215048456  0.008496918235104163  3.317596091728103e-05  0.07046589872863608  3.480167296991026e-05  0.00020196823513326788  0.01565184488151188  0.0003659095517929546  0.00879567369273011  0.0006918763113148149  0.0082934518059316  7.249206407762038e-05  0.003831731701818905  0.00010217950856452805  0.0008278716314901213  3.797289728026299e-05  0.0007954248011638931  5.757052076590282e-07  3.867989901468752e-05  3.932574819595021e-06  0.0002060746151190406  0.00013698801055205678  0.015945977700039065  5.2093645431120724e-05  0.0008855452995676857  1049.580058078844  
0.314  10.37  7.743520126400496  2.633296896289849  0.0  0.0264164107523399  0.0003072527436218147  0.007793494549405858  3.0028336107116353e-05  0.06503996525889527  3.231549269862418e-05  0.00018125907482828665  0.01435899198685343  0.0003319458379714913  0.008074815392132154  0.0006351844056700327  0.007574386677653618  6.614957237114234e-05  0.0035174463273946388  9.340858546451156e-05  0.0007599919160737438  3.526165042866299e-05  0.0007301905186940975  5.325202468257565e-07  3.5506618907041734e-05  3.6100562840831543e-06  0.00018917780577205393  0.00012177241162359088  0.015036159587004501  4.8219131348880015e-05  0.0008129516638292757  1040.7756617340153  
0.32150000000000006  9.519999999999994  7.093951791091245  2.418092317708933  0.0  0.024160699095909757  0.00028454853600748295  0.007167664092113782  2.7845121226099643e-05  0.059106716258366616  2.9167848871800316e-05  0.00016960433526685967  0.013133913115804776  0.0003038471207717604  0.007392434570335366  0.0005815231179372627  0.006933825056684772  6.094463725743057e-05  0.0032593049545078735  8.590624652229832e-05  0.0006996846079623096  3.1895513032815204e-05  0.0006723767009146729  4.836522131428623e-07  3.289887086125158e-05  3.344361508068469e-06  0.0001731899102612946  0.00011146451595581224  0.013381133855375862  4.415129184766952e-05  0.0007442585646487284  1032.0796424020027  
0.3289999999999999  8.742000000000012  6.509613681786133  2.212110074494167  0.0  0.022117799503224306  0.0002641450388914831  0.006563222094800951  2.54944567255938e-05  0.054495950321310695  2.707728104881667e-05  0.00015533062181400777  0.012026025145439715  0.00028223275213351144  0.006774002906021962  0.0005328817980079258  0.006392021628952637  5.5848476425486415e-05  0.0029488005607271476  7.833988965974671e-05  0.0006373967161954353  2.9224378037647044e-05  0.0006123398276344147  4.469985483442394e-07  2.9768760627592267e-05  3.026766798033448e-06  0.00015869542587038823  0.00010589728422730725  0.012260076273070845  4.0462610575548434e-05  0.000682002643925539  1023.4956234118325  
0.3365000000000001  8.025999999999994  5.98020062363509  2.0342918817909155  0.0  0.020278323410550712  0.0002383855228956053  0.0059810710432485975  2.337724913453453e-05  0.04998118601873292  2.483155004183576e-05  0.0001386415584668682  0.011027739401330687  0.0002553445319429774  0.00625453375232623  0.0004890787137238897  0.005867450198148747  5.126101993706054e-05  0.0027061344932345862  7.22707591758605e-05  0.0005887153192632178  2.7194722359871478e-05  0.000565701188238773  4.1033164651039874e-07  2.731948218370595e-05  2.7777020565485783e-06  0.00014939693422446273  9.353249632748363e-05  0.011624243100294312  3.676150311899312e-05  0.000629683197078528  1015.0262963349223  
0.34400000000000003  7.368999999999995  5.483748974413706  1.8596026906290726  0.0  0.018915539406956502  0.00022159045392104075  0.0055071918853682265  2.1383940486765142e-05  0.0457302356453835  2.2718206970845954e-05  0.0001304065982152208  0.01008895914255742  0.00023742810244983375  0.005691249650635288  0.0004478214637909794  0.005336439199528355  4.693785099104569e-05  0.002514149743108538  6.618117416364165e-05  0.0005391521203230975  2.454194107254106e-05  0.0005180521724748077  3.721034805603577e-07  2.5378312192753277e-05  2.5797968417935383e-06  0.0001332381110292673  8.924956330366111e-05  0.010284418178227792  3.401888855981504e-05  0.0005729927373221477  1006.674372055383  
0.3514999999999999  6.7660000000000045  5.038212102976841  1.7024086578935893  0.0  0.01697991981813385  0.00020300228986871706  0.005082334672981629  1.9590985991744208e-05  0.041903844872019265  2.081594335832617e-05  0.00011950458347010993  0.00924364389558513  0.00021782658962358264  0.005254893794249277  0.00041427592038205835  0.0049292956045396226  4.340731916392659e-05  0.002306778061955108  6.105684629142257e-05  0.0004945046662821704  2.2861152781567447e-05  0.00047515158636549586  3.4476785659257847e-07  2.2923217152127403e-05  2.3307668906994787e-06  0.0001221772814500109  7.834068853546773e-05  0.009791403102420727  3.120144640351068e-05  0.0005290516904090184  998.4412426309539  
0.35900000000000004  6.2129999999999965  4.622496180293449  1.5598774276673084  0.0  0.015534440967735064  0.00018572682433848594  0.004616779717958921  1.7924701302133556e-05  0.038349388094829316  1.9047914076327134e-05  0.00010584053145707597  0.00881098020645323  0.00019605210983490978  0.004814045328090875  0.0003760420363577962  0.0045154427185003215  3.9420064287393346e-05  0.002078161331381021  5.558770033014374e-05  0.0004529850346356561  2.094755161280614e-05  0.0004352476441325561  3.158295292526888e-07  2.1340398292003578e-05  2.169410686594996e-06  0.00011189766411838972  7.519285516130445e-05  0.008619376142003811  2.893159698777444e-05  0.0004846521432492842  990.3288244832538  
0.36650000000000005  5.706999999999996  4.244816981986739  1.4264593807075319  0.0  0.014555718195206168  0.00016994961684390876  0.004225578189590343  1.6402065183927768e-05  0.035103055425782105  1.7433171891791708e-05  0.00010016885758712511  0.007731289328878919  0.00018297289789543029  0.004411105093196699  0.00034792997432448255  0.004171671477511597  3.645711067078669e-05  0.0019378057805153365  5.0930543391493486e-05  0.0004150465386539958  1.885471920725278e-05  0.00040221610048713657  2.8940496842343215e-07  1.9560414375533343e-05  1.988502032583919e-06  0.00010591757238002316  6.555072825184577e-05  0.007896451493133618  2.6177516754002355e-05  0.00044409906353223204  982.3374584995191  
0.374  5.242  3.903248183908334  1.3096336388690943  0.0  0.013014595314920866  0.00015573943392887388  0.003906572983996792  1.5031698803116488e-05  0.032511835331818686  1.5978774556802982e-05  9.182805431774545e-05  0.007085628004607166  0.00016794578721434497  0.004048006340146086  0.0003193361949768625  0.003795719855690741  3.312523564257077e-05  0.0017788124705022947  4.706596479612509e-05  0.00038085406184083727  1.762850607216408e-05  0.0003658353427147784  2.655758449668932e-07  1.7619322435621024e-05  1.791498488428796e-06  9.392365991069663e-05  6.340896200230544e-05  0.007573263069710541  2.4019837890705208e-05  0.00040753723376112046  974.4683926728814  
0.38149999999999995  4.817000000000003  3.585695744346483  1.1969784845957037  0.0  0.012228556523379255  0.00014243822374752837  0.0035422209730720964  1.374812494053038e-05  0.02942830388877895  1.461639141056042e-05  8.401418464139898e-05  0.0064817151434356434  0.00015386065911552948  0.0037077105771298165  0.00028925456097632374  0.0034763273838721064  3.06622209114979e-05  0.0015967935097770038  4.3116194283897325e-05  0.0003488188648740181  1.6151486344034142e-05  0.00033505239122186075  2.432520269397193e-07  1.6455489984559214e-05  1.6728396157296584e-06  8.600450142242337e-05  5.4912125939505825e-05  0.006617915966916043  2.1998636492728788e-05  0.0003732804533580249  966.721099701198  
0.38900000000000007  4.426999999999997  3.301206276519633  1.0976237392787662  0.0  0.010910442094072735  0.00013070020584892515  0.00328290012253901  1.2617149992040201e-05  0.027331530113910478  1.3414919524703636e-05  7.711610433165247e-05  0.005949753452818646  0.0001382264889702978  0.0034074417219558725  0.0002689439623521211  0.0031945448732308788  2.786439200476579e-05  0.0014985244858891664  3.9308220796103674e-05  0.00032054745576252155  1.4527473665573698e-05  0.00031106449197087626  2.235465056128325e-07  1.5126828316151204e-05  1.5377997887293383e-06  8.219910215444166e-05  5.353845148445745e-05  0.0063952414616097585  2.0533246237547508e-05  0.0003430445597571867  959.0962797636112  
0.39649999999999996  4.070000000000003  3.0355695397115827  1.0028821637624796  0.0  0.010286130501602353  0.000119511683418152  0.0030034936931046395  1.1847273049679264e-05  0.024699523523528524  1.2268757426837179e-05  7.054353176319247e-05  0.005751223678372907  0.00012961467117365505  0.0031206217493745243  0.00024635686826441104  0.002925452264996257  2.58242294347685e-05  0.0013728713609885562  3.630561634940742e-05  0.00029665531952758825  1.3606058813378653e-05  0.00028185346018612894  2.0472365572287382e-07  1.3857818857149122e-05  1.3775276340823234e-06  7.222691376823488e-05  4.9138651172462295e-05  0.005552787475551024  1.8502178035607626e-05  0.0003141793380643185  951.5927334953604  
0.404  3.743  2.7920006700926296  0.9184872005021294  0.0  0.009131999355398076  0.00010953926271885555  0.002724131725964407  1.0566065394559744e-05  0.02264451831065485  1.1247144063017272e-05  6.467585872927466e-05  0.0049778302592461575  0.00011901875171204033  0.002864858979696326  0.00022315345431876064  0.0027158201148059563  2.371272005682067e-05  0.0012303859220007575  3.303193008199477e-05  0.0002693931194474086  1.249489623043694e-05  0.0002587282747819768  1.9097892786965426e-07  1.2421073379556189e-05  1.2942871213411557e-06  6.629249007966013e-05  4.2081914798927445e-05  0.005396643742273661  1.6983461373242437e-05  0.0002884245503618317  944.2107069806576  
0.41150000000000003  3.4439999999999977  2.5719536668593093  0.843419658902384  0.0  0.008657402553170825  0.00010030565640633336  0.0025248238231866576  9.67683435906365e-06  0.02103936212877838  1.0597403133798118e-05  5.924603804656156e-05  0.0045599050477452005  0.00010921490716612576  0.0026577741308679175  0.00020761568932045794  0.002462668081103929  2.1462155193354372e-05  0.0011574754522648619  3.059256095402925e-05  0.0002471180300103243  1.1465994380174592e-05  0.00024028301894365482  1.7233826233340693e-07  1.1683885449136646e-05  1.1877933701125224e-06  6.375407690961656e-05  4.1535176393148495e-05  0.0046593826624160345  1.557829392495628e-05  0.0002645957135405935  936.9484848681896  
0.41899999999999993  3.170000000000002  2.37301270367992  0.7740434096014192  0.0  0.007669918061574532  9.212099670595862e-05  0.0023202539335285656  8.887392195375294e-06  0.019339294090047192  9.456041414055334e-06  5.4430086395452965e-05  0.004188951798502608  0.00010050028366044335  0.0024172172375308432  0.0001910444257145718  0.0022945016743263795  2.0028466211276506e-05  0.0010652546541516754  2.8151075910381803e-05  0.0002302288608543559  1.0552049503163297e-05  0.00021824179745803495  1.585480176078728e-07  1.07524161997e-05  1.0642310025920548e-06  5.580730327350756e-05  3.536172126593906e-05  0.004572323872898663  1.4618780415773732e-05  0.00024344146603694333  929.8059513434287  
0.4265  2.919  2.1832882758414116  0.7080614148732415  0.0  0.0073008211089990414  8.434345928381462e-05  0.002125562163789944  8.417705618493752e-06  0.01743886970723968  8.659256938256264e-06  4.7034427745837926e-05  0.00411622436786197  9.220681138137214e-05  0.0022171686804675073  0.00017526127019449545  0.0020771531735806637  1.8375739166552638e-05  0.0009773485426775  2.5824360384094588e-05  0.00020841844465221892  9.39909036795421e-06  0.00020296028798505347  1.4542088632680987e-07  9.86589015477847e-06  1.0035290062437172e-06  5.117935481145916e-05  3.518566167830748e-05  0.003916349172539003  1.313515645361338e-05  0.0002260982708044065  922.7809851990637  
0.434  2.689  2.0166955160464757  0.6494289677085912  0.0  0.006435105558219279  7.742304111784552e-05  0.001952523569347035  7.461669762922588e-06  0.016288249357072022  8.225787551603765e-06  4.5844040045783194e-05  0.003512501103628589  8.481854125981484e-05  0.00206659056898141  0.0001612266267752725  0.001937683850833055  1.6904692391744524e-05  0.0008992252954459384  2.3755471453825156e-05  0.000194429489984255  8.912355888086933e-06  0.00018673267324575822  1.3649574828124344e-07  9.076745022768334e-06  9.233150548132382e-07  4.9781075451332306e-05  2.9691526144591305e-05  0.003873362029148659  1.2353051973178813e-05  0.00020529077453784126  915.8731819205419  
0.44150000000000006  2.477999999999999  1.859254084947124  0.597816215068837  0.0  0.006167755295267364  7.368689195122513e-05  0.0017922279047703675  6.844856470317739e-06  0.0149552872099864  7.287336469298733e-06  4.207014081739143e-05  0.003223333985963771  7.798045319742559e-05  0.00187347433541377  0.00014821366156170671  0.001754812234456423  1.5541302465212198e-05  0.0008267213889611411  2.183843817169423e-05  0.00017609700962596488  8.194366673009853e-06  0.00016900996782080006  1.2285136967254255e-07  8.076878896328927e-06  8.489328203111967e-07  4.313521178253366e-05  2.9867333653120487e-05  0.003297390036411076  1.1092896396962346e-05  0.00019136585290774411  909.0801350637063  
0.44899999999999995  2.2850000000000015  1.7152350373566414  0.5472904185084253  0.0  0.00565911015551711  6.499671614873085e-05  0.0016433325288158593  6.531666993775667e-06  0.013715913559892453  6.678482686947572e-06  4.1178969625732385e-05  0.003215030294095832  7.161666001209898e-05  0.0017464189319307687  0.00013612099553686526  0.001637288524845215  1.4273693033816069e-05  0.0007593674765469068  2.0056139102029333e-05  0.0001642788220287741  7.526782570480956e-06  0.00015777084908847865  1.1280475407977713e-07  7.671191148887571e-06  7.798299539719144e-07  4.221016252120074e-05  2.7498477212509346e-05  0.003283776487127044  1.0445027971423508e-05  0.00017318776934949567  902.4012277683349  
0.4565  2.108  1.585816804751865  0.4995116862383205  0.0  0.004946904643266437  5.96718332154356e-05  0.0015100724147083374  5.751516538557526e-06  0.012607169870310273  6.387967285163059e-06  3.536464295693384e-05  0.0027045490599879336  6.592319800295402e-05  0.0015823266752894077  0.00012528676504020665  0.0015072699514034546  1.3138446558159203e-05  0.0006989823282661688  1.871423360529874e-05  0.00015124576466971795  6.9288295786526744e-06  0.00014524092482971472  1.0634209440945819e-07  7.062160034582444e-06  7.178745489445083e-07  3.6321874848012894e-05  2.2798694833474805e-05  0.0027736395139586535  9.362862471527937e-06  0.00016191777996452984  895.8338568050893  
0.464  1.945  1.465498345465462  0.4610966019713081  0.0  0.0047936063708040105  5.7334441737395926e-05  0.0014139249166950426  5.534756878428098e-06  0.011600336063201393  5.632502238558888e-06  3.251478883320095e-05  0.002487361046938007  6.0744737985318824e-05  0.0014825262846241657  0.0001154434285296929  0.0013891717071402333  1.2106438824940714e-05  0.0006441684251613523  1.700191925559713e-05  0.00013939135958786146  6.385502749854601e-06  0.0001338550313756855  9.555710333615616e-08  6.508218163297701e-06  6.615766466805133e-07  3.34644624256788e-05  2.3419432619407848e-05  0.0027970498341111107  8.871986296519232e-06  0.00014675485437190506  889.3772440322978  
0.4715  1.796  1.3552072056779203  0.4251978205279  0.0  0.004406746655943116  5.027366780682889e-05  0.0012753235677616923  4.845613863194672e-06  0.01065950699030869  5.413765607316098e-06  2.9856238949766837e-05  0.0025251649522652435  5.590094527398546e-05  0.0013648040352590193  0.00010867077040486905  0.001278747152301692  1.1142690557577952e-05  0.0005928946069886782  1.564754927857401e-05  0.00012831259951872693  5.8772666940963976e-06  0.00012320944688210748  9.034034387772414e-08  5.990565592046122e-06  6.08966629047054e-07  3.31641935201141e-05  2.1610797842726837e-05  0.002581039408739349  8.169637992764685e-06  0.0001374488631711556  883.0286514964519  
0.479  1.659  1.2550235267179657  0.38803300852577804  0.0  0.003818627201903575  4.6202679880309877e-05  0.0011731172345696066  4.689441345339717e-06  0.009807862234310067  4.746663533255313e-06  2.7454175320751367e-05  0.0020918738646735304  5.1521098480061e-05  0.0012581841947911642  9.784894852073329e-05  0.0011549975546145668  1.0268749827941986e-05  0.0005464214236034444  1.4655769215740038e-05  0.00011827504792187394  5.417109787620508e-06  0.00011356508763294253  8.093552954810506e-08  5.521857690425931e-06  5.612806429295172e-07  2.8265348350190386e-05  1.7569415341380105e-05  0.002141988262647669  7.295255198361263e-06  0.00012670456246473996  876.787201596528  
0.4864999999999999  1.5340000000000018  1.1624513564302374  0.3561012680405129  0.0  0.003737229640024264  4.4756642776366235e-05  0.0011019697059832525  4.085465844577406e-06  0.009022883723543968  4.594757453559584e-06  2.5240788454684296e-05  0.0021548501395388226  4.748192025206661e-05  0.001159791236138966  9.017481466750897e-05  0.0011101347713336797  9.695595569582147e-06  0.0005036100009663021  1.3281775830413619e-05  0.00010902203602052787  4.993199435641222e-06  0.00010467489684751123  7.686870460065126e-08  5.089576117315843e-06  5.173488633892627e-07  2.8305495761513928e-05  1.8439360479768195e-05  0.0022025646783429163  6.950082082157308e-06  0.00011680849637549025  870.6500840192712  
0.494  1.418  1.0745408966055574  0.32666117893867225  0.0  0.0034388016682640435  3.89297248313407e-05  0.001014057567002001  3.977887957826092e-06  0.008525720264363454  4.0034495469486375e-06  2.3198791258832585e-05  0.0017590327631737276  4.375696612857038e-05  0.0010690648598898564  8.534306564132178e-05  0.0010013590356599226  8.715408030611315e-06  0.0004640783444475877  1.2462858443363539e-05  0.00010047727746967158  4.601304514313117e-06  9.647013374589007e-05  7.088229175528546e-08  4.915784212997835e-06  4.767814493525049e-07  2.389486096717248e-05  1.704024735871364e-05  0.0018086943656398238  6.407831622456225e-06  0.0001076647368429299  864.6163375089457  
0.5015  1.312  1.000018015878802  0.3025680453698003  0.0  0.0031723047398789046  3.804828552025614e-05  0.0009132961387339321  3.670394963391094e-06  0.0076473864483137845  3.90761367149941e-06  2.1378766184652637e-05  0.001622196186594918  4.04247775599384e-05  0.0009878328691609694  7.669793698582502e-05  0.0009252416007083824  8.051077095950088e-06  0.0004287553521228401  1.1518985495280449e-05  9.284042197691024e-05  4.471152697112254e-06  8.91334833839679e-05  6.331390258731602e-08  4.327923397713509e-06  4.4052959802330517e-07  2.4220390973451566e-05  1.3568870702541963e-05  0.001884393857020489  5.922443286221818e-06  9.949085608949516e-05  858.6831157439512  
0.5089999999999999  1.2150000000000014  0.9257737225346793  0.2757120558345813  0.0  0.0029223131818981642  3.2903550994758574e-05  0.0008622413835331619  3.1663005243357718e-06  0.007042948574351774  3.3867662887464143e-06  1.9670789367537074e-05  0.0017050788028315743  3.730324443294166e-05  0.0009117737279021862  7.291551003170867e-05  0.0008539329490882215  7.64403152821999e-06  0.0003957078041347085  1.0634204665428946e-05  8.568601229986534e-05  3.917472999850424e-06  8.440896415158306e-05  6.054092697040282e-08  3.993958754754854e-06  4.065683494914537e-07  2.2417273530790173e-05  1.4599279878321386e-05  0.0017441077883040635  5.4680896243717e-06  9.183307751178903e-05  852.8494153683407  
0.5165000000000001  1.1249999999999987  0.8605602365518276  0.2527791635974029  0.0  0.002479255373322752  3.231430292859116e-05  0.0007724690839245892  3.1175025548175473e-06  0.006478246456703187  3.320648040162206e-06  2.0179873599645702e-05  0.0013638789550289468  3.647943612143862e-05  0.000840770002672295  6.516869958788054e-05  0.0007873257078631817  6.843279951789115e-06  0.0003648176507908695  9.598373134926515e-06  7.90073719371276e-05  3.6114499816674685e-06  7.579033249373516e-05  5.585560879916657e-08  3.682215835298195e-06  3.7482555954939606e-07  1.8577077398507083e-05  1.3502128954039174e-05  0.0014003861883514494  4.832866369427736e-06  8.468430489281476e-05  847.1124084591881  
0.524  1.042  0.7992732377644352  0.2327470449814734  0.0  0.0024893608709128327  2.7813655897949346e-05  0.0007338810830103035  2.6767443214512884e-06  0.006190109414651088  3.0707503496779843e-06  1.6632838465624984e-05  0.001463477766667247  3.177850765836434e-05  0.0007786589599501849  6.238650683537319e-05  0.0007291504394750982  6.541003095609808e-06  0.0003378494829324412  9.090476341327337e-06  7.31664646089274e-05  3.343919632061096e-06  7.018195691884504e-05  5.174549851926437e-08  3.4096628445035086e-06  3.6759795871404596e-07  1.9244156459324775e-05  1.2539605488193573e-05  0.0014970005215228807  4.67672062524449e-06  7.843047944099116e-05  841.4710445547865  
0.5315  0.9666  0.744549140486323  0.21357198302764147  0.0  0.0022940677807663096  2.7574110943753327e-05  0.0006763064727892642  2.660535026542935e-06  0.005508592949223119  2.630868481538119e-06  1.530910273030621e-05  0.001151831394772386  2.9344231610667588e-05  0.0007191819872490628  5.564885439209784e-05  0.0006933827547980393  5.844590721729279e-06  0.0003319088328863108  8.397944195785676e-06  6.957119395901983e-05  3.0879315974359156e-06  6.480794775959577e-05  4.5805902513293895e-08  3.1484806166311556e-06  3.199971621014578e-07  1.5788486066729088e-05  9.565773246150907e-06  0.001386835445013259  4.320458549966746e-06  7.24343514839191e-05  835.922545227392  
0.539  0.8966  0.691082368971238  0.19558160011073714  0.0  0.0021110921464990635  2.341655620875359e-05  0.0006223289866654281  2.449443329597821e-06  0.005261354944292568  2.6109250446607044e-06  1.4063078519863978e-05  0.001253641230704746  2.7061422688971973e-05  0.0006633158008431964  5.326181757449573e-05  0.0006204750139357882  5.584603340387203e-06  0.0002870930629109502  7.747768067477236e-06  6.226302710659703e-05  3.043402672534652e-06  6.171955789226141e-05  4.4161512267977017e-08  3.0990801483968803e-06  2.950699522581279e-07  1.648771704565845e-05  1.0740364698587838e-05  0.0010855489620686773  3.986531301810612e-06  6.68168989072377e-05  830.4658702185412  
0.5465  0.8321  0.6428525249363868  0.1801176543247748  0.0  0.0019530153904271004  2.3523214686417747e-05  0.0005758420997569379  2.2670019532644863e-06  0.004872311620207526  2.4176051321725304e-06  1.2998474806611193e-05  0.0009712259602300202  2.6990751855887615e-05  0.0006343711514058768  4.9426868246483123e-05  0.0005945844570623506  4.9912686188175395e-06  0.0002663302259661576  7.187694220757536e-06  5.96624994442262e-05  2.6346801571073867e-06  5.7291267508476854e-05  4.097981052360323e-08  2.686833061570472e-06  2.7371659866455546e-07  1.3419654894152987e-05  9.991005639010309e-06  0.001192906024457075  3.6986749741455947e-06  6.388209796814512e-05  825.0982812797708  
0.554  0.7726  0.5996620264167942  0.16506574557399756  0.0  0.001799453498388808  1.9814820211962924e-05  0.000530644703480305  1.9023380538091408e-06  0.004306441505842715  2.2293743789400374e-06  1.3821642689711866e-05  0.0010801787984396842  2.3123964614014975e-05  0.0005679826432646907  4.382827548517347e-05  0.0005311676583937911  4.7966671878348635e-06  0.00026466316366070505  6.6428126060638e-06  5.330260305201718e-05  2.4346464472223025e-06  5.1107894100509366e-05  3.788064659787501e-08  2.4829938905317434e-06  2.7147719479064573e-07  1.4208803549367818e-05  9.260887762966529e-06  0.0011057314151769933  3.4186137542957156e-06  5.721455925471232e-05  819.8187301040012  
0.5615000000000001  0.7177999999999992  0.5589453886403146  0.1522178439614636  0.0  0.0016679465116398698  2.013918203114406e-05  0.0004919502559917692  1.9414048986427933e-06  0.004172724206388074  1.8848665986622388e-06  1.1017342744913192e-05  0.0008212056727116847  2.331605208642991e-05  0.0005461316595670602  4.253847293646729e-05  0.0005118433476752572  4.460488388339112e-06  0.00022801965721761335  6.357474420450554e-06  5.135758097497574e-05  2.4449371026853676e-06  4.9314719445422104e-05  3.521882067156112e-08  2.4896923729441524e-06  2.3437201815758173e-07  1.324611627820373e-05  6.762254348373111e-06  0.0010308149343473808  3.360976424594899e-06  5.499513598609252e-05  814.6245649120875  
0.5690000000000001  0.6671999999999993  0.5222247685326595  0.13947488598360333  0.0  0.001538166383190137  1.8579888989978246e-05  0.00047156973175372594  1.7910068381085641e-06  0.0038525739196594885  1.912169498776896e-06  1.014648826785702e-05  0.0009337299287966186  1.9812986088175093e-05  0.0005057114844853373  3.938334893280842e-05  0.00047392704345352904  4.1293834716587135e-06  0.00022887770205869297  5.888362220489758e-06  4.755346129149057e-05  2.0864604444137243e-06  4.565786896832403e-05  3.4381891854470206e-08  2.1279893221650514e-06  2.3477212341695147e-07  1.2291208173183713e-05  8.00435627626936e-06  0.0007742818715926996  2.9354970330978186e-06  5.0925855072467534e-05  809.5147536030539  
0.5764999999999999  0.6204000000000006  0.48450204845272876  0.129411275335437  0.0  0.0014175702627732974  1.7130444792048984e-05  0.0004178740687235258  1.651829670974978e-06  0.0035552863684316085  1.7645800651532962e-06  1.1079165114687726e-05  0.0008662005703799454  2.00642872435928e-05  0.00046816782058872107  3.8189875936550855e-05  0.00043868328969560424  3.82168074110896e-06  0.0001944198860969444  5.2768262968307205e-06  4.401745962729833e-05  2.103985029631557e-06  4.226512101584513e-05  3.011104985995377e-08  2.142510449548138e-06  1.99919143334525e-07  9.614906065631138e-06  7.425464000029139e-06  0.0008867060358193241  2.715934563562587e-06  4.7146073512139734e-05  804.4867291901674  
0.5840000000000001  0.5772999999999994  0.45208177142041167  0.11935824406767569  0.0  0.001315776579159559  1.590089579886351e-05  0.0004049474303952404  1.533572421656873e-06  0.0034738538444541007  1.6394565862737833e-06  8.601003512392567e-06  0.0006335599712650732  1.700343547653948e-05  0.00043612889644850693  3.390278171731118e-05  0.00040866603699555464  3.5605927152500414e-06  0.00019814652736249136  5.08381514163722e-06  4.1005816716441585e-05  1.7905232965519926e-06  3.937317179824982e-05  2.8047758055634623e-08  1.826486659246474e-06  2.0325100464818255e-07  1.0638194706756234e-05  6.931648132265053e-06  0.0008277373962127667  2.6995724190428797e-06  4.392348952859773e-05  799.539479603027  
0.5915  0.5374  0.42158676373688936  0.10938053851017553  2.4515834572359264e-05  0.0013819020932688928  1.4684262113916342e-05  0.000391298412931132  1.4173871388117349e-06  0.003217939148492632  1.6815657297188332e-06  9.604327340893642e-06  0.0007507759812494396  1.7397737742089782e-05  0.00042141546284201343  3.311929938821114e-05  0.0003958147025338091  3.468595044234097e-06  0.00018410988886921433  4.883622787779983e-06  3.971082146335829e-05  1.8243910240698899e-06  3.818555511236337e-05  2.7654210766624217e-08  1.8578067533143422e-06  1.8885276656841104e-07  9.884588295847069e-06  6.4406123301727645e-06  0.0007691007359963727  2.5083355468304033e-06  4.2421807239154176e-05  794.670532485291  
0.599  0.5005  0.3924622547278713  0.10215086054801475  4.561590776926073e-06  0.0011212764135323644  1.3605268789338771e-05  0.00036351864552467767  1.4760130375529466e-06  0.002989109227061742  1.402611223155106e-06  7.306021773196531e-06  0.000699349034459627  1.62060206980306e-05  0.00039254918165395795  3.085068066586036e-05  0.00036870203223771916  3.22965709883612e-06  0.00017149865769662464  4.548027927616478e-06  3.6990694083978826e-05  1.6994231741893402e-06  3.5569906024022094e-05  2.5759941822056118e-08  1.7305499797432345e-06  1.759166559042695e-07  9.20750990092581e-06  5.999440747876738e-06  0.0007164185729891418  2.3365185975413616e-06  3.951598169584727e-05  789.8789025302434  
0.6065  0.4663  0.3634634262993499  0.0970052459938761  1.804770782392841e-05  0.0011979136204094201  1.4203899697324473e-05  0.00035390565484745193  1.3741186281715656e-06  0.002937061720894634  1.457780952811983e-06  8.324167608073263e-06  0.0006510704928717855  1.670805842617435e-05  0.000381525223232482  3.032845911386032e-05  0.00035940386425351305  3.169586601884102e-06  0.000159659497749465  4.3969456214688255e-06  3.605255937458854e-05  1.7439187030709315e-06  3.47351861433779e-05  2.5607795724262577e-08  1.7728967149575125e-06  1.6377250588820873e-07  8.571882870974897e-06  5.58527809750045e-06  0.0006669616606805492  2.175220440649852e-06  3.840351743571463e-05  785.1622124120582  
0.6140000000000001  0.4347999999999996  0.3372464599846559  0.09262833013548136  1.5388055828239417e-05  0.0011183361562321294  1.3260333900856178e-05  0.00033039568376860265  1.2828358561539034e-06  0.0029002695215842676  1.519774032383273e-06  9.34410052365216e-06  0.0006078198461300467  1.408937748136416e-05  0.00035702283902004026  2.839284271529738e-05  0.00033634829084964383  3.122764109705651e-06  0.00016483358036618412  4.270644392573299e-06  3.373955037934665e-05  1.4774429282098271e-06  3.406998377011464e-05  2.3973498931454113e-08  1.5044959292579922e-06  1.6867336116011525e-07  9.580479382076303e-06  5.214247782666127e-06  0.0006226553628338728  2.1898131463381133e-06  3.749960616105376e-05  780.5195107441958  
0.6214999999999999  0.40550000000000047  0.3141599498654869  0.08555999306216587  2.8326235566121147e-05  0.0011985854881807613  1.2377860915490012e-05  0.00035481262757791843  1.351394474097267e-06  0.0028694877672009195  1.4247085565186529e-06  7.258094159724859e-06  0.0007225422563628432  1.6250398468709734e-05  0.0003651281844046255  2.8135275122510885e-05  0.00034578141265451606  2.9299935060888244e-06  0.00015461717625763448  4.309928914735628e-06  3.467589337534592e-05  1.6889860187608371e-06  3.196049491966389e-05  2.400277639703555e-08  1.7147375667856817e-06  1.5820142028712182e-07  7.473963402410051e-06  6.411501451291597e-06  0.0007378988698603824  2.2060908164432672e-06  3.669877658485527e-05  775.9485188052514  
0.629  0.3784  0.2919961202358617  0.08182850641572163  2.5576513305237735e-05  0.0011238213860077684  1.4564350458271208e-05  0.0003327795672029324  1.2671143483929442e-06  0.002840753033512148  1.3356558324333222e-06  8.27569835107354e-06  0.0006791470518523831  1.3773955334833041e-05  0.00035756064261576413  2.788868469448745e-05  0.0003394403448300084  2.897322272331399e-06  0.0001599510199394242  4.045672449420246e-06  3.403510292165356e-05  1.4372101588575645e-06  3.296125424918775e-05  2.2522271440347454e-08  1.4607361721766345e-06  1.633382835338317e-07  8.491329676443036e-06  4.538243859611202e-06  0.0006925250164725341  2.070609547049185e-06  3.443110615043681e-05  771.4483192130024  
0.6365  0.3533  0.2750583148609227  0.07131631397808297  2.3216659336193677e-05  0.0012050102343615704  1.3733323715600607e-05  0.0003576334578842628  1.3398526094323542e-06  0.00297281163269205  1.5518895952774465e-06  7.806740308353426e-06  0.0006421619367120971  1.5904270267232218e-05  0.0003665215742112239  2.92294677182866e-05  0.0003348577662726957  3.025191019443874e-06  0.00015091157568825091  4.254056197117487e-06  3.357087999214107e-05  1.6470297339133362e-06  3.2558055185239844e-05  2.4159960634188295e-08  1.6694815381461094e-06  1.5407860280355924e-07  9.472119278842564e-06  5.732270015982754e-06  0.0006542182467352941  2.2451018757826072e-06  3.684820140862852e-05  767.0167301065595  
0.644  0.3301  0.26611502153713157  0.05836258645153946  2.099066475239594e-05  0.0011396724173883045  1.44157547141147e-05  0.00038149416739279544  1.5546032001757067e-06  0.0032454275525462613  1.6135789227696526e-06  8.817616054116493e-06  0.0007515921865978257  1.5055438978026905e-05  0.0003753902271412094  3.052645794982481e-05  0.0003597107265619913  3.1487078727775388e-06  0.00017134163419283603  4.454431631114891e-06  3.605047353215049e-05  1.702140194662971e-06  3.5096172793891416e-05  2.572549322281035e-08  1.723101765586998e-06  1.7434333228579329e-07  8.971475988346717e-06  5.420089337364811e-06  0.0006184150176169714  2.2681789338691975e-06  3.91598800637596e-05  762.6528741813136  
0.6515000000000001  0.30849999999999966  0.2685875985698566  0.03350405096168831  1.8979027906836854e-05  0.001365323599968063  1.5118806469699063e-05  0.00040558690897934187  1.4813241906071892e-06  0.003515559252715531  1.678568413944793e-06  9.80859225023745e-06  0.0007173534205039792  1.713621508683155e-05  0.0004134916002443732  3.186832484974757e-05  0.0003845045560017442  3.418815997570624e-06  0.00017718170437619696  4.6612984299765145e-06  3.853130588915002e-05  1.7607845672999119e-06  3.621473702320253e-05  2.7301560598214988e-08  1.781065460062817e-06  1.7999300202017375e-07  8.539553043458592e-06  6.565433554535501e-06  0.0007286648753762121  2.439793692538518e-06  4.1495734160194635e-05  758.3546632714991  
0.6590000000000001  0.2883999999999997  0.28647603547301376  0.0  1.699716396428858e-05  0.0014424533126311272  1.7192197295602846e-05  0.0004430352928877101  1.8293875497219417e-06  0.00391656847112779  1.8824667349157532e-06  1.214324838300898e-05  0.0009628108965945444  1.9129565702725914e-05  0.000450177520317413  3.457862485341748e-05  0.0004225222682309398  3.6800933869022693e-06  0.00019684096694434688  5.280227915083866e-06  4.232167565907434e-05  1.9582501079924138e-06  4.149144352052546e-05  2.8841216710183852e-08  1.9768301073056433e-06  2.1332519588478503e-07  1.0911340168260735e-05  7.651444176911721e-06  0.000834045211285221  2.606698802811172e-06  4.516051670783103e-05  754.121257272287  
0.6664999999999999  0.26980000000000026  0.3218601267958379  0.0  0.0  0.0012453061805695917  1.3744426468094782e-05  0.00042491620395493677  1.4838916487764659e-06  0.0037603694725099196  1.806997477960506e-06  8.954048693469171e-06  0.000925782536284845  1.970554514929506e-05  0.00048601496706998057  3.858123361346295e-05  0.0004594496555531262  3.936252630234982e-06  0.00021589713834747578  5.607061696546776e-06  4.601603647913682e-05  2.013919520459632e-06  4.386390994906184e-05  3.1725646040986795e-08  2.1672217077815423e-06  2.1818242511019808e-07  1.1819070820296914e-05  7.3425925470863076e-06  0.0009354687615425826  2.906301219852111e-06  4.873467889751292e-05  749.950662224821  
0.674  0.2525  0.3750799617915287  0.0  0.0  0.0  0.0  4.720990523790818e-05  8.524344251379862e-08  0.0008131954362765333  2.6796714196530176e-07  1.9095927798956315e-06  0.0003583482055283216  1.3622331274532243e-05  0.00033419068038127904  2.645097329033888e-05  0.00030868518163398184  2.7191874930901777e-06  0.00014102940191297196  3.7944952377533183e-06  3.093920607405051e-05  1.403832577880825e-06  2.887200067199938e-05  2.119323168909788e-08  1.4183977573455355e-06  1.4326343532039444e-07  7.374349213154509e-06  4.399508123587967e-06  0.0006333546346230923  1.9956804539110038e-06  3.222564103524943e-05  745.8420810265615  
0.6815  0.2364  0.434459470483339  0.0  0.0  0.0  0.0  0.0  0.0  0.0  0.0  0.0  0.0  0.0  0.0  0.0  0.0  0.0  0.0  0.0  0.0  0.0  0.0  0.0  0.0  0.0  0.0  0.0  0.0  0.0  0.0  741.7936103257326  
0.6890000000000001  0.2213999999999998  0.48033254236414613  0.0  0.0  0.0  0.0  0.0  0.0  0.0  0.0  0.0  0.0  0.0  0.0  0.0  0.0  0.0  0.0  0.0  0.0  0.0  0.0  0.0  0.0  0.0  0.0  0.0  0.0  0.0  0.0  737.8044915566312  
0.6964999999999999  0.2074000000000002  0.515938112149047  0.0  0.0  0.0  0.0  0.0  0.0  0.0  0.0  0.0  0.0  0.0  0.0  0.0  0.0  0.0  0.0  0.0  0.0  0.0  0.0  0.0  0.0  0.0  0.0  0.0  0.0  0.0  0.0  733.872910597891  
0.7040000000000001  0.19449999999999984  0.5467128305275304  0.0  0.0  0.0  0.0  0.0  0.0  0.0  0.0  0.0  0.0  0.0  0.0  0.0  0.0  0.0  0.0  0.0  0.0  0.0  0.0  0.0  0.0  0.0  0.0  0.0  0.0  0.0  0.0  729.9981492771487  
0.7114999999999999  0.18260000000000018  0.5753910871866103  0.0  0.0  0.0  0.0  0.0  0.0  0.0  0.0  0.0  0.0  0.0  0.0  0.0  0.0  0.0  0.0  0.0  0.0  0.0  0.0  0.0  0.0  0.0  0.0  0.0  0.0  0.0  0.0  726.178479399158  
0.719  0.1717  0.6021102162346665  0.0  0.0  0.0  0.0  0.0  0.0  0.0  0.0  0.0  0.0  0.0  0.0  0.0  0.0  0.0  0.0  0.0  0.0  0.0  0.0  0.0  0.0  0.0  0.0  0.0  0.0  0.0  0.0  722.4132190244686  
0.7264999999999999  0.16200000000000014  0.13496554891702386  0.025235803415912292  4.556052507743653e-06  0.00026516573693824864  3.3452330015177903e-06  6.609229874059121e-05  3.203918996843507e-07  0.0007039690267458919  3.475176913861201e-07  2.649231512907452e-06  9.071603461688715e-05  3.7789208089646964e-06  9.646690008853351e-05  7.0786734411610415e-06  8.91737980082551e-05  8.695673592270376e-07  5.239988265259506e-05  1.0375177475550687e-06  8.954738675623472e-06  4.019317046800543e-07  8.52105086817654e-06  6.6977859399849755e-09  5.288717232389208e-07  4.201238524082151e-08  2.813285702241335e-06  6.586426138113363e-07  0.00021895549229914005  5.965227134147864e-07  9.72628065516392e-06  718.7007127671519  
0.734  0.153  0.11526237034458477  0.036021791562492474  1.5384882020600488e-05  0.0003612302807429732  4.267272361048208e-06  0.0001067431644879005  4.1338242318562316e-07  0.0008864330328719795  4.389983284442767e-07  2.5017689507080795e-06  0.00019649086608565934  4.676820067877872e-06  0.00011326218229324398  8.901143605737988e-06  0.00010637503171772365  9.31989463182168e-07  4.948317985888528e-05  1.3122399370513681e-06  1.0672782562248132e-05  4.903835276157848e-07  1.0263234855417667e-05  7.433214184629626e-09  4.994334582161046e-07  5.0756305689102095e-08  2.6566914914936098e-06  1.7302240198642518e-06  0.00020676790591996272  6.741431353992227e-07  1.1401378669903266e-05  715.0403077948437  
0.7414999999999999  0.14430000000000015  0.10873421384995066  0.03398161234499746  1.4513522901564103e-05  0.0003407711508791965  4.025585315269213e-06  0.00010069751333198985  3.8996953359635915e-07  0.0008362278050662024  4.1413462157803815e-07  2.360075359167349e-06  0.0001853621419431916  4.4119373207247755e-06  0.00010684731117163763  8.3970063208154e-06  0.00010035023063045369  8.79204039380899e-07  4.668058313105343e-05  1.2379181298392577e-06  1.0068304321942233e-05  4.626094986670014e-07  9.681952316487046e-06  7.0122165484525284e-09  4.7114686507970616e-07  4.7881602473850424e-08  2.506223496062551e-06  1.6322286972047713e-06  0.0001950571173609841  6.35961447182211e-07  1.0755634668726222e-05  711.4304075076108  
0.7490000000000001  0.1359999999999999  0.1024349638720672  0.03201297098333055  1.367271755079194e-05  0.00032102941009086553  3.7923729039188736e-06  9.486384988630642e-05  3.673776051783531e-07  0.0007877829982654141  3.9014274805949405e-07  2.223350181988395e-06  0.0001746236409029411  4.1563425535758376e-06  0.00010065737427222601  7.910546355657223e-06  9.453668615627299e-05  8.282695098565779e-07  4.3976258044719124e-05  1.1662023793322286e-06  9.485021806422234e-06  4.35809352042705e-07  9.121052156765255e-06  6.605980982167354e-09  4.4385212707256646e-07  4.510769927774072e-08  2.3610315850423885e-06  1.537669531136047e-06  0.00018375696169958358  5.991185806154184e-07  1.0132533355438018e-05  707.8703821618227  
0.7564999999999998  0.1280000000000001  0.09642055450723344  0.030133347999146833  1.2869931886879334e-05  0.00030218035487137446  3.569705933130111e-06  8.929397407854573e-05  3.4580724262346966e-07  0.0007415287774105109  3.672357433723209e-07  2.092807468344993e-06  0.00016437071532495037  3.912305316359968e-06  9.474733504757668e-05  7.446083224282665e-06  8.898601957677234e-05  7.796381470056779e-07  4.1394217614232254e-05  1.0977294844689984e-06  8.928114264098517e-06  4.102210592457632e-07  8.585514880866809e-06  6.2181146484359594e-09  4.177916074145168e-07  4.245922693288362e-08  2.2224049878438363e-06  1.4473861583646446e-06  0.00017296777849963428  5.639416813841577e-07  9.537607548869592e-06  704.358721267232  
0.7639999999999999  0.12030000000000012  0.09060529904196503  0.028315964584019682  1.2093728699442063e-05  0.0002839554445382522  3.3544120879211665e-06  8.390853242215317e-05  3.2495113504488083e-07  0.0006968061630516728  3.4508725361720884e-07  1.966587388713068e-06  0.0001544572927615727  3.6763488339582554e-06  8.903299373548181e-05  6.996999764992212e-06  8.361915107739915e-05  7.326171044647681e-07  3.889767575712901e-05  1.0315239184819502e-06  8.389647486612544e-06  3.854800663222157e-07  8.067710740575842e-06  5.843091652791681e-09  3.925940243807401e-07  3.989845290772902e-08  2.0883687046295756e-06  1.360092320336291e-06  0.00016253585530258738  5.299295875778019e-07  8.962381398102304e-06  700.8948440048192  
0.7715  0.1128  0.0850051694832898  0.02656581230897541  1.1346239884986156e-05  0.0002664047350861862  3.1470826879391985e-06  7.872231641038377e-05  3.0486656520473076e-07  0.0006537379889863419  3.2375811117477467e-07  1.845036615394798e-06  0.00014491060112329797  3.4491211773999874e-06  8.353004517520388e-05  6.564529417006175e-06  7.84508211389639e-05  6.873355288252712e-07  3.649348940076476e-05  9.677675196017183e-07  7.871100410739888e-06  3.6165432614455e-07  7.569061921280877e-06  5.481942022197593e-09  3.683285849004296e-07  3.7432410547777926e-08  1.959290875453099e-06  1.2760277756991876e-06  0.00015248984411724947  4.971757157977294e-07  8.408434802102846e-06  697.4773279478246  
0.779  0.1057  0.07965722396139438  0.024894472579437808  1.0632411853677055e-05  0.0002496443660559076  2.9490897085676482e-06  7.376964515428047e-05  2.856864401362337e-07  0.0006126092532642214  3.033894588756489e-07  1.728959494850171e-06  0.00013579381440240008  3.2321259961976765e-06  7.827490441430923e-05  6.151533996699086e-06  7.351523051371527e-05  6.440930650343561e-07  3.4197567936150126e-05  9.068821875195056e-07  7.3759044544264305e-06  3.389015024546994e-07  7.0928681667946484e-06  5.13705561743967e-09  3.45155862368616e-07  3.507741856811232e-08  1.8360256560885988e-06  1.1957488106629598e-06  0.00014289622311820823  4.6589681053751915e-07  7.879433430547235e-06  694.1056385926112  
0.7865  0.09887  0.07450439898378088  0.023284111914926065  9.94462793845735e-06  0.00023349550144631965  2.7583205308856492e-06  6.899767280530424e-05  2.6720610462748807e-07  0.0005729811052476907  2.8376395971947175e-07  1.6171174643693519e-06  0.00012700965492684087  3.0230479146912272e-06  7.321149820296058e-05  5.753606772368717e-06  6.875971560637863e-05  6.024283086147908e-07  3.1985413488997395e-05  8.482182653390397e-07  6.898775792201098e-06  3.169788187362645e-07  6.634048408396211e-06  4.804752441651102e-09  3.2282859987654266e-07  3.2808348801950615e-08  1.717257785583855e-06  1.118398834952993e-06  0.0001336526267302235  4.35759120533535e-07  7.369732748409645e-06  690.778437399336  
0.794  0.0923  0.06954629764541767  0.0217346062746872  9.28283516160368e-06  0.00021795689736369092  2.574760460576461e-06  6.440603179422604e-05  2.4942413519963713e-07  0.0005348504925115112  2.648801020190444e-07  1.509501909130274e-06  0.00011855744608190405  2.8218708282883775e-06  6.833943652370908e-05  5.370717093000096e-06  6.418391011536871e-05  5.623380502682069e-07  2.9856855664342353e-05  7.917712343720059e-07  6.439677672427095e-06  2.95884586357372e-07  6.19256730471551e-06  4.485006898617119e-09  3.0134507762892357e-07  3.062502647033184e-08  1.602978115643155e-06  1.0439718905571336e-06  0.00012475834294955833  4.0676032437937143e-07  6.8792934951346615e-06  687.4952316012113  
0.8015000000000001  0.0859999999999999  0.06481854775462495  0.020257090060010963  8.651789018136308e-06  0.00020314021074486758  2.3997285192879564e-06  6.002771662732557e-05  2.324683091114222e-07  0.000498491413118773  2.468735809561942e-07  1.4068861304666109e-06  0.0001104979235516674  2.630040350578087e-06  6.369372892314999e-05  5.0056163182693845e-06  5.982069475650702e-05  5.241103696331172e-07  2.782718980309367e-05  7.379467103704682e-07  6.001909071603404e-06  2.757703837585649e-07  5.771597240313269e-06  4.180116608363822e-09  2.808596714162807e-07  2.854314043969431e-08  1.4940078344377664e-06  9.730027928673459e-07  0.00011627728411214971  3.791088009442739e-07  6.411639857608156e-06  684.2547539975058  
0.8089999999999999  0.07995000000000008  0.060239169021751526  0.018825942793926947  8.040547020229877e-06  0.00018878851677612673  2.2301896121912684e-06  5.5786806294896834e-05  2.1604460837009975e-07  0.0004632733921227666  2.294321592412499e-07  1.3074907467590869e-06  0.00010269133332917142  2.4442300961795377e-06  5.919381774414694e-05  4.651973515293992e-06  5.5594410354239876e-05  4.870823897798e-07  2.5861221024193717e-05  6.858113634902817e-07  5.5778789797374265e-06  2.562874259589055e-07  5.363838495749156e-06  3.8847947018979705e-09  2.610171595001862e-07  2.6526590318986862e-08  1.3884573717885004e-06  9.042609211186159e-07  0.0001080623866726872  3.5232506634008566e-07  5.95866261230042e-06  681.05654998626  
0.8165  0.07416  0.05586606515527899  0.01745926054118175  7.45683798450246e-06  0.00017508328468096983  2.0682874648940547e-06  5.1736924759874526e-05  2.0036070157760913e-07  0.000429641741898704  2.1277637399449977e-07  1.2125725575995428e-06  9.523638542519566e-05  2.2667895328761287e-06  5.489660187194671e-05  4.314260301502408e-06  5.1558495934720885e-05  4.517223090113455e-07  2.3983807914261632e-05  6.360244163251626e-07  5.172949022549783e-06  2.3768206417201555e-07  4.9744469545667515e-06  3.602775361206767e-09  2.4206843945705093e-07  2.460087426791654e-08  1.2876613548513939e-06  8.386154782171744e-07  0.00010021752346071305  3.2674778606068546e-07  5.526089405663568e-06  677.8994198982729  
0.824  0.06861  0.05175888922618065  0.016175686077231258  6.908624227331206e-06  0.0001622114661551605  1.916230568338491e-06  4.793331604984103e-05  1.8563053133257539e-07  0.0003980552284122098  1.9713342511086092e-07  1.123426332480307e-06  8.823477203601087e-05  2.100139109584492e-06  5.086069919702885e-05  3.997083388953425e-06  4.7768005001530745e-05  4.185124706407123e-07  2.2220560077138185e-05  5.892650076254071e-07  4.792642808949141e-06  2.2020809227095713e-07  4.608734267704702e-06  3.3379055838128124e-09  2.2427198887524464e-07  2.2792260785878826e-08  1.1929947319775888e-06  7.769619270617125e-07  9.284970546801936e-05  3.0272585721955625e-07  5.1198209253986485e-06  674.7829437286877  
0.8315  0.0633  0.04770897987057464  0.014910008560638472  6.3680542438765065e-06  0.00014951912008305985  1.766293809218783e-06  4.418274125936891e-05  1.7110574463858544e-07  0.00036690912737148164  1.8170858669963334e-07  1.0355230779425779e-06  8.133078251649902e-05  1.9358123020520245e-06  4.6881069328799375e-05  3.684328891048063e-06  4.403036508603372e-05  3.8576567882152967e-07  2.0481897298847576e-05  5.431575678600248e-07  4.417639225214416e-06  2.0297776089406703e-07  4.248120732380252e-06  3.0767288998833068e-09  2.0672367515518528e-07  2.100886489829178e-08  1.09964805088688e-06  7.161680146653769e-07  8.558461735537572e-05  2.7903886741613777e-07  4.719217068268716e-06  671.7059832552607  
0.839  0.05823  0.04388203784148031  0.013714012784378256  5.857245283057445e-06  0.00013752554976670625  1.6246118023393673e-06  4.063865396290289e-05  1.57380618522809e-07  0.0003374777715931196  1.671329611177523e-07  9.524593276835454e-07  7.480689140175128e-05  1.7805324893358896e-06  4.3120537557416725e-05  3.388793058582775e-06  4.0498500536391425e-05  3.5482175812412386e-07  1.8838956413902572e-05  4.995885682607005e-07  4.063281423679988e-06  1.8669604356862025e-07  3.907360736682869e-06  2.829931270358065e-09  1.9014148197040944e-07  1.9323653680593875e-08  1.0114405613415146e-06  6.587211046148576e-07  7.871950789194297e-05  2.566559623034376e-07  4.340668413654996e-06  668.6681495636813  
0.8465000000000001  0.05337999999999993  0.04026128678131727  0.012582455801826906  5.3739580860300565e-06  0.00012617817839084787  1.4905634491860462e-06  3.728551776738174e-05  1.443949854621263e-07  0.0003096321413675889  1.533426524647788e-07  8.738709509783961e-07  6.86344995833076e-05  1.633618963540081e-06  3.956261865128932e-05  3.1091803363142535e-06  3.71569285409884e-05  3.255450581327979e-07  1.7284535179990902e-05  4.583670132202905e-07  3.7280159882944415e-06  1.7129156531443378e-07  3.5849604739418833e-06  2.596430796101689e-09  1.7445271712976948e-07  1.7729239587910583e-08  9.27985583749112e-07  6.043693640122603e-07  7.222428215323375e-05  2.3547902081856807e-07  3.9825154988506266e-06  665.6683607176237  
0.8539999999999999  0.04875000000000007  0.03676684627093915  0.011490373387451642  4.9075304495037574e-06  0.00011522666209949045  1.3611913968613257e-06  3.404935632909988e-05  1.3186235853849134e-07  0.00028275791094392144  1.4003342120120067e-07  7.980241438824867e-07  6.267743275984915e-05  1.4918305424261707e-06  3.612881838398613e-05  2.8393219539848537e-06  3.393192788366115e-05  2.972896810686251e-07  1.5784340209473013e-05  4.1858347951640105e-07  3.4044463477215934e-06  1.5642447504547225e-07  3.273807202155871e-06  2.371076027746432e-09  1.593112576628058e-07  1.6190446916659527e-08  8.474419480098564e-07  5.519136936231305e-07  6.595564352870088e-05  2.1504084073346026e-07  3.6368568126768487e-06  662.70625579532  
0.8615  0.04434  0.03344489051504221  0.01045219590194021  4.464125570449271e-06  0.0001048157100539245  1.2382051183439549e-06  3.097293105160605e-05  1.1994833910631536e-07  0.0002572101861578172  1.2738113043496414e-07  7.259211171889006e-07  5.701440534145027e-05  1.357040764137913e-06  3.28645096831482e-05  2.582783717379417e-06  3.0866112493582075e-05  2.7042898271241467e-07  1.4358194506748987e-05  3.8076365159715255e-07  3.0968480278358385e-06  1.4229122082483236e-07  2.978012382041878e-06  2.1568447172877754e-09  1.449171770427463e-07  1.4727608686558814e-08  7.708739270209983e-07  5.020472226786734e-07  5.999642341940572e-05  1.9561148436822603e-07  3.308259757243912e-06  659.7808044009262  
0.869  0.04015  0.030294055935763783  0.009467497199982541  4.04356144250758e-06  9.494104882458272e-05  1.1215541309129302e-06  2.805497914098815e-05  1.0864803676524626e-07  0.00023297848032155337  1.153805867243921e-07  6.575322744495126e-07  5.1643092800103526e-05  1.2291943009176224e-06  2.9768352633568888e-05  2.3394603241149007e-06  2.7958223931994284e-05  2.449519374344352e-07  1.300551267550281e-05  3.4489200539035946e-07  2.805094767394067e-06  1.2888600131298017e-07  2.697454597388822e-06  1.9536489282541544e-09  1.3126456686741247e-07  1.3340124439935065e-08  6.982500915674585e-07  4.547494822679515e-07  5.4344175717846835e-05  1.7718297646877273e-07  2.996589451860402e-06  656.8916713524404  
0.8765000000000001  0.03615999999999994  0.027288529175522862  0.008528210092061717  3.6423925746622942e-06  8.552177979392458e-05  1.010282765973381e-06  2.5271595141656205e-05  9.78688732673971e-08  0.00020986427406757173  1.0393347506165472e-07  5.922973369166016e-07  4.651949041021662e-05  1.1072437647205043e-06  2.68149818258429e-05  2.1073583360686207e-06  2.5184439187723032e-05  2.2064982336637952e-07  1.1715212807439907e-05  3.1067466078009e-07  2.5267963643567983e-06  1.1609899363108665e-07  2.429835365611056e-06  1.7598239697726839e-09  1.1824157749853554e-07  1.2016627148112753e-08  6.289754675290611e-07  4.0963298347165237e-07  4.89525941240864e-05  1.5960434063448543e-07  2.699292523176888e-06  654.0378733136806  
0.884  0.03237  0.024428494301180145  0.007634392102747755  3.2606435356226414e-06  7.655847982442436e-05  9.043978380958261e-07  2.2622949515851648e-05  8.761150875874153e-08  0.00018786898297471454  9.304049650001394e-08  5.302202997609859e-07  4.1643911955447065e-05  9.911966241389072e-07  2.4004578132633935e-05  1.886491967818609e-06  2.2544928135136214e-05  1.9752412883793354e-07  1.0487373924144282e-05  2.7811371333244605e-07  2.2619698624990064e-06  1.0393098089119732e-07  2.175171076455374e-06  1.5753817122260294e-09  1.0584900650037178e-07  1.0757197865779057e-08  5.6305429747739e-07  3.6670048935011037e-07  4.382200883369734e-05  1.4287665343032072e-07  2.416387178492671e-06  651.219097857234  
0.8915000000000001  0.028789999999999948  0.021719896149547595  0.006787901112212841  2.8991078247095425e-06  6.806977993213647e-05  8.041194385185149e-07  2.0114547709023135e-05  7.78972640836583e-08  0.00016703832621132488  8.272429306399336e-08  4.714301956232425e-07  3.702649175925387e-05  8.812940934734382e-07  2.1342983227975654e-05  1.6773203097490953e-06  2.004517723266455e-05  1.756229226613279e-07  9.324548197919463e-06  2.472768438723317e-07  2.011165727251782e-06  9.240725538978202e-08  1.9339910722960607e-06  1.4007055352483755e-09  9.411261293372304e-08  9.564454428679286e-09  5.006236044264712e-07  3.260412389105526e-07  3.896308422440487e-05  1.2703468484150478e-07  2.148461461721755e-06  648.4344048390246  
0.8989999999999999  0.025400000000000048  0.019191037562329993  0.005997582323455974  2.5615632219500123e-06  6.014438073469846e-05  7.104954021401013e-07  1.7772600659570427e-05  6.882764589387352e-08  0.00014758996869043133  7.309266142794285e-08  4.165413374875097e-07  3.27154784378671e-05  7.78684572654694e-07  1.885800880445796e-05  1.4820290505461223e-06  1.7711307023154306e-05  1.5517505619711468e-07  8.238886295124966e-06  2.1848627481341972e-07  1.7770046758046087e-06  8.164823151120982e-08  1.708815505290807e-06  1.237620675330806e-09  8.315503340647917e-08  8.45086012107017e-09  4.4233574281314855e-07  2.8808009116240966e-07  3.442659245452098e-05  1.1224397168961882e-07  1.8983149978820863e-06  645.6835029023214  
0.9065  0.02221  0.016771312764247873  0.005241370022298215  2.2385854762239245e-06  5.256100495022889e-05  6.209117442526663e-07  1.5531721165547636e-05  6.01494302933544e-08  0.00012898091193511748  6.387668627071239e-08  3.6402122748971014e-07  2.859050842514534e-05  6.805032020942908e-07  1.6480274333436743e-05  1.2951656548883002e-06  1.5478155810185714e-05  1.3560962466136655e-07  7.200076516748201e-06  1.909381729720201e-07  1.552948927573927e-06  7.135351712351493e-08  1.4933574697317841e-06  1.0815738003772717e-09  7.267033210952319e-08  7.385323370708788e-09  3.865633145384196e-07  2.517571702075026e-07  3.008587459571282e-05  9.809155700899974e-08  1.6589636933966963e-06  642.9654912240726  
0.914  0.01921  0.01452954408019333  0.004540772559076441  1.9393607889438785e-06  4.5535340557934145e-05  5.379164222174778e-07  1.3455644795866066e-05  5.210944492725835e-08  0.00011174043867704954  5.533849030861553e-08  3.153636537153445e-07  2.476890499139914e-05  5.895424771176112e-07  1.4277407842039497e-05  1.1220449310304829e-06  1.3409239353262086e-05  1.1748311219963267e-07  6.237664910400996e-06  1.654160672921708e-07  1.345371123576674e-06  6.181591667250112e-08  1.2937450686760375e-06  9.37003228636098e-10  6.295671713659354e-08  6.398150399417385e-09  3.3489261081254176e-07  2.181055802520284e-07  2.6064390264163593e-05  8.497996677374756e-08  1.437215228734881e-06  640.2800969729284  
0.9215  0.01641  0.012408159203866577  0.0038777974388323434  1.6562045780738405e-06  3.888695694282235e-05  4.5937797968115076e-07  1.14910544953273e-05  4.4501209749842e-08  9.542578521123471e-05  4.7258798628582735e-08  2.693190096549744e-07  2.115252307589813e-05  5.034663767244291e-07  1.2192836096202783e-05  9.58220854094361e-07  1.1451424475514089e-05  1.0033000016325447e-07  5.3269351633767505e-06  1.4126450812988708e-07  1.1489403244501367e-06  5.2790488894346965e-08  1.1048519274071181e-06  8.00196150084174e-10  5.376472688143573e-08  5.463988981900895e-09  2.859966429933751e-07  1.862610931272747e-07  2.2258861129054578e-05  7.2572473784979e-08  1.2273747386665035e-06  637.6264553770864  
0.9289999999999999  0.013800000000000034  0.010435071423161895  0.0032611681212269747  1.3928426271464388e-06  3.270333386768679e-05  3.8632982938401573e-07  9.663800440996918e-06  3.742483429870028e-08  8.02516205611104e-05  3.974392421630447e-08  2.2649315302847708e-07  1.778894721210789e-05  4.234074945334721e-07  1.025398799486897e-05  8.058490294448104e-07  9.630472202654627e-06  8.437599005528759e-08  4.479870703064044e-06  1.1880128290362938e-07  9.662411764388525e-07  4.439599081740087e-08  9.291635112898916e-07  6.729526790778501e-10  4.521531000987174e-08  4.595130860647272e-09  2.405187866617646e-07  1.566427201816636e-07  1.871936053232845e-05  6.103233645376578e-08  1.0322033148142202e-06  635.004310080789  
0.9365000000000001  0.011379999999999965  0.008614629896308023  0.002692243805026558  1.1498554490040076e-06  2.6998101519493642e-05  3.1893298695212813e-07  7.977910338601813e-06  3.0895916600844e-08  6.625139222126804e-05  3.2810431655525934e-08  1.8698048228575755e-07  1.4685591527158272e-05  3.495422995027864e-07  8.465137223771008e-06  6.652653210934045e-07  7.950396349794533e-06  6.965624833646778e-08  3.698338662502313e-06  9.807590594453507e-08  7.976763922405123e-07  3.6650925926896224e-08  7.670670796896157e-07  5.555532907152451e-10  3.7327311485114024e-08  3.793491207131716e-09  1.985592859099011e-07  1.2931574740541549e-07  1.5453690381430415e-05  5.0384992007699974e-08  8.521311617595801e-07  632.4128288280797  
0.9440000000000001  0.009148999999999968  0.006940309388445667  0.0021689852240784602  9.26372074498088e-07  2.1750809924652248e-05  2.5694587350489267e-07  6.427341242701754e-06  2.4891054244999163e-08  5.337491743299378e-05  2.6433468367037683e-08  1.5063936724889466e-07  1.1831332277490891e-05  2.816060274323115e-07  6.819871782746153e-06  5.359658173790512e-07  6.405174812207179e-06  5.611801320691106e-08  2.9795376992313066e-06  7.901408870718837e-08  6.426417641435641e-07  2.9527532623833447e-08  6.179816102159098e-07  4.4757717577465454e-10  3.0072457373525975e-08  3.0561966047009923e-09  1.5996774008269827e-07  1.0418222333342299e-07  1.24501451288553e-05  4.0592275846619756e-08  6.865128245005137e-07  629.8517695322874  
0.9515  0.007121  0.005405957505536298  0.0016894696324423015  7.215713001782637e-07  1.6942177586429e-05  2.001407135687251e-07  5.006395491466752e-06  1.9388181993815925e-08  4.15748807948724e-05  2.058960180567406e-08  1.1733627024823232e-07  9.215681311343167e-06  2.1934904229739804e-07  5.312146042391486e-06  4.174753992956874e-07  4.989129577996195e-06  4.371153758603941e-08  2.320826534770079e-06  6.154578736815249e-08  5.005676078403604e-07  2.2999635560006572e-08  4.813592791126232e-07  3.486275693582626e-10  2.3424089266013546e-08  2.380537818832277e-09  1.2460234216437118e-07  8.114979328022169e-08  9.697688062208503e-06  3.161820403076736e-08  5.347397282376944e-07  627.3203295178755  
0.959  0.005294  0.004031207961781289  0.0012598329577119948  5.380737764366999e-07  1.2633736226415897e-05  1.4924439143047395e-07  3.733255643296116e-06  1.4457715129598195e-08  3.100227671017328e-05  1.5353610649692513e-08  8.749734091430275e-08  6.8721087499134125e-06  1.6356799046414924e-07  3.961253006191307e-06  3.1131028162176974e-07  3.7203804980996074e-06  3.2595575928513013e-08  1.7306341004866535e-06  4.589452799017516e-08  3.7327191789159855e-07  1.7150766333711083e-08  3.589483188567707e-07  2.599706401410044e-10  1.746728031982316e-08  1.775160644296989e-09  9.291563118550928e-08  6.051318243475928e-08  7.231539886722385e-06  2.357760964546903e-08  3.9875397609737106e-07  624.8182792824532  
0.9665  0.003677  0.0028042416219936444  0.0008763814842299248  3.7430191989600763e-07  8.788444878928868e-06  1.0381933610668253e-07  2.5969761321529137e-06  1.0057264946353523e-08  2.1566209322825905e-05  1.0680479508881615e-08  6.086604499974494e-08  4.780466195279883e-06  1.1378330545991492e-07  2.7555786405899847e-06  2.165577309223268e-07  2.588019755210562e-06  2.2674560969975433e-08  1.203886334577796e-06  3.192575199105422e-08  2.5966029497766686e-07  1.1930640457687312e-08  2.496963256253479e-07  1.8084417784768398e-10  1.2150818057620707e-08  1.2348604715210952e-09  6.463518696496869e-08  4.2094971649305965e-08  5.03049838502854e-06  1.6401365283532106e-08  2.773864576850877e-07  622.3448421837477  
0.974  0.002285  0.0017583448173151123  0.0005495178549144935  2.3469869207975805e-07  5.5106223314799255e-06  6.50978824891231e-08  1.628383049037039e-06  6.306211118177387e-09  1.3522669407046848e-05  6.6969856104817555e-09  3.8164862092147993e-08  2.9974977522841537e-06  7.134559443188059e-08  1.7278316473726718e-06  1.357882861555106e-07  1.6227671281914112e-06  1.4217639611942719e-08  7.548733605692346e-07  2.0018417853893916e-08  1.6281490523422927e-07  7.480874562089003e-09  1.5656719329102116e-07  1.1339480177652704e-10  7.618932616280073e-09  7.742950868309818e-10  4.052822878190833e-08  2.6394827982651955e-08  3.1542755426136746e-06  1.028415505174527e-08  1.7392974857711415e-07  619.8997987130738  
0.9815  0.001162  0.0009100800407837143  0.00028441817946676305  1.214748058273019e-07  2.8521751517635974e-06  3.369321134717409e-08  8.428147295690761e-07  3.2639541546014082e-09  6.999031932951363e-06  3.4662103118465088e-09  1.9753280987347255e-08  1.5514379488074756e-06  3.6926887633681915e-08  8.942871049117044e-07  7.028098686093895e-08  8.399080542461568e-07  7.358733003058062e-09  3.9070560677845274e-07  1.0361086379428932e-08  8.42693618092245e-08  3.871933741070195e-09  8.103568552228374e-08  5.869061904679545e-11  3.943389509227213e-09  4.0075785890582415e-10  2.097650684868642e-08  1.3661373975434492e-08  1.632582634651962e-06  5.322849168621024e-09  9.002215670166595e-08  617.4823945410445  
