4.055160127378118 	 2.7824601636964282e-33 
4.082356342407934 	 3.7573207949564255e-34 
4.109734950756068 	 1.3987476915995269e-34 
4.1372971756560695 	 7.199737793694549e-35 
4.165044248545183 	 4.3572607805861866e-35 
4.19297740911938 	 2.906852077082318e-35 
4.221097905388733 	 2.069775941432092e-35 
4.249406993733189 	 1.5417189559492402e-35 
4.277905938958685 	 1.1695706761163088e-35 
4.306596014353678 	 9.026229791791225e-36 
4.335478501746016 	 7.099375905240056e-36 
4.364554691560217 	 5.6868053131213444e-36 
4.393825882875122 	 4.6319649552828054e-36 
4.423293383481936 	 3.829459137694914e-36 
4.452958509942654 	 3.2041592046587545e-36 
4.48282258764889 	 2.7012600987604617e-36 
4.512886950881086 	 2.294965345734902e-36 
4.543152942868131 	 1.964995241969617e-36 
4.573621915847372 	 1.695182930974186e-36 
4.604295231125032 	 1.4728982893155203e-36 
4.635174259137026 	 1.288031618600795e-36 
4.666260379510196 	 1.1316643182285828e-36 
4.697554981123947 	 9.987923065219872e-37 
4.7290594621723026 	 8.855142351641907e-37 
4.760775230226368 	 7.885613062632297e-37 
4.792703702297229 	 7.052256079381096e-37 
4.824846304899247 	 6.331128283557764e-37 
4.857204474113811 	 5.701419341865348e-37 
4.8897796556534825 	 5.150209560266966e-37 
4.9225733049266 	 4.666505897667844e-37 
4.9555868871022986 	 4.2408665341201196e-37 
4.9888218771759725 	 3.86509312975832e-37 
5.0222797600351745 	 3.5311197921277553e-37 
5.055962030525963 	 3.233429057796222e-37 
5.089870193519681 	 2.9675882351503808e-37 
5.124005763980202 	 2.729709961045816e-37 
5.158370267031606 	 2.5163625849949776e-37 
5.192965238026329 	 2.32410867299586e-37 
5.227792222613749 	 2.1504423566942216e-37 
5.262852776809256 	 1.993331528518615e-37 
5.298148467063764 	 1.8509702715316138e-37 
5.333680870333697 	 1.7217090092241423e-37 
5.3694515741514515 	 1.6039169307049139e-37 
5.405462176696317 	 1.4964109329034127e-37 
5.44171428686589 	 1.398167754947937e-37 
5.478209524347944 	 1.308269411438739e-37 
5.514949519692809 	 1.2258091100999962e-37 
5.551935914386208 	 1.150003842175031e-37 
5.589170360922609 	 1.0802424237566203e-37 
5.626654522879044 	 1.0159715514005266e-37 
5.664390074989448 	 9.566678196965596e-38 
5.702378703219466 	 9.018245241306605e-38 
5.740622104841801 	 8.510550655642967e-38 
5.779121988512025 	 8.040117920675785e-38 
5.8178800743449335 	 7.603682042057982e-38 
5.856898093991389 	 7.198003039199549e-38 
5.8961777907156945 	 6.820557476386761e-38 
5.935720919473473 	 6.469083235850647e-38 
5.975529246990087 	 6.141429699489144e-38 
6.015604551839556 	 5.83548687177336e-38 
6.055948624524041 	 5.549585344268849e-38 
6.096563267553823 	 5.282208983165342e-38 
6.137450295527851 	 5.031868202465018e-38 
6.178611535214802 	 4.797182293987084e-38 
6.220048825634712 	 4.5770220795238806e-38 
6.261764018141125 	 4.3703377683806514e-38 
6.303758976503826 	 4.1760611993491995e-38 
6.3460355769920955 	 3.993297169902674e-38 
6.388595708458551 	 3.8212556477076336e-38 
6.431441272423525 	 3.659165824036801e-38 
6.474574183160038 	 3.506292911826951e-38 
6.517996367779307 	 3.362028641753099e-38 
6.561709766316862 	 3.2257989187035007e-38 
6.605716331819214 	 3.0970246551348085e-38 
6.65001803043112 	 2.9752232614565684e-38 
6.694616841483419 	 2.859952952622669e-38 
6.7395147575814764 	 2.750764627184659e-38 
6.784713784694199 	 2.6472706280366187e-38 
6.830215942243672 	 2.5491243414752354e-38 
6.876023263195369 	 2.4559749802322386e-38 
6.922137794148992 	 2.3675112297478143e-38 
6.968561595429906 	 2.2834576903527825e-38 
7.015296741181192 	 2.2035359263955232e-38 
7.0623453194563215 	 2.127496976122332e-38 
7.1097094323124335 	 2.0551196453255784e-38 
7.157391195904268 	 1.9861794719236976e-38 
7.2053927405787 	 1.9204779932012035e-38 
7.253716210969931 	 1.8578353405160823e-38 
7.302363766095292 	 1.798069000000303e-38 
7.351337579451725 	 1.7410206299157984e-38 
7.400639839112873 	 1.6865415898979295e-38 
7.450272747826855 	 1.6344838178854667e-38 
7.500238523114667 	 1.5847200721782254e-38 
7.550539397369272 	 1.5371249143009981e-38 
7.601177617955327 	 1.491580181266148e-38 
7.6521554473096005 	 1.4479812418451436e-38 
7.703475163042048 	 1.40622188033276e-38 
7.7551390580375825 	 1.3662086491825441e-38 
7.8071494405585 	 1.3278521576012853e-38 
7.859508634347628 	 1.2910656579376636e-38 
7.912218978732131 	 1.255772778617086e-38 
7.965282828728042 	 1.2218961212471956e-38 
8.018702555145465 	 1.1893671719777744e-38 
8.072480544694516 	 1.1581194722864766e-38 
8.126619200091943 	 1.1280898924998967e-38 
8.181120940168489 	 1.0992212628170401e-38 
8.235988199976944 	 1.0714563034312311e-38 
8.291223430900962 	 1.0447445087027052e-38 
8.346829100764563 	 1.0190350537618848e-38 
8.402807693942409 	 9.942823416611107e-39 
8.459161711470784 	 9.704417758436613e-39 
8.515893671159363 	 9.474717676720192e-39 
8.573006107703671 	 9.253332271340757e-39 
8.630501572798359 	 9.039882578084552e-39 
8.688382635251184 	 8.83402264960037e-39 
8.746651881097806 	 8.635409883165878e-39 
8.805311913717299 	 8.443735171727182e-39 
8.864365353948497 	 8.258689939665562e-39 
8.923814840207056 	 8.079996384319015e-39 
8.983663028603369 	 7.907376779657088e-39 
9.043912593061199 	 7.7405806234653e-39 
9.104566225437187 	 7.579357738425035e-39 
9.16562663564108 	 7.423481756144008e-39 
9.227096551756839 	 7.272727009183684e-39 
9.2889787201645 	 7.126888528703583e-39 
9.351275905662895 	 6.985762560884103e-39 
9.413990891593174 	 6.849163010130736e-39 
9.47712647996315 	 6.716905941217203e-39 
9.54068549157251 	 6.588821699311953e-39 
9.604670766138822 	 6.464744563495704e-39 
9.669085162424421 	 6.344518932188888e-39 
9.733931558364132 	 6.227995938166713e-39 
9.799212851193854 	 6.115032279736858e-39 
9.864931957579994 	 6.005494043188354e-39 
9.931091813749795 	 5.899249673420363e-39 
9.997695375622506 	 5.796177603827147e-39 
10.064745618941464 	 5.696158032998285e-39 
10.13224553940702 	 5.5990791664324705e-39 
10.200198152810417 	 5.504832976176977e-39 
10.268606495168507 	 5.413315622139019e-39 
10.337473622859402 	 5.3244297574003625e-39 
10.40680261275902 	 5.2380798037021015e-39 
10.47659656237857 	 5.1541763122648475e-39 
10.546858590002936 	 5.072632722875014e-39 
10.617591834830002 	 4.993365665366186e-39 
10.688799457110886 	 4.916296815203854e-39 
10.76048463829117 	 4.841349583342592e-39 
10.83265058115301 	 4.768451147642596e-39 
10.905300509958261 	 4.697533166793833e-39 
10.97843767059249 	 4.628532309342572e-39 
11.052065330710045 	 4.561387597403901e-39 
11.126186779880017 	 4.4960403146951565e-39 
11.20080532973323 	 4.4324339178781413e-39 
11.275924314110174 	 4.370513951149028e-39 
11.35154708920999 	 4.3102279640071596e-39 
11.4276770337404 	 4.251525432127962e-39 
11.504317549068668 	 4.1943576812604684e-39 
11.581472059373551 	 4.13867781406628e-39 
11.659144011798316 	 4.084440639814362e-39 
11.737336876604733 	 4.031602606844305e-39 
11.81605414732813 	 3.980121737709729e-39 
11.895299340933454 	 3.929957566913207e-39 
11.975075997972448 	 3.881071081144167e-39 
12.055387682741799 	 3.833424661932061e-39 
12.136237983442411 	 3.786982030627902e-39 
12.217630512339689 	 3.741708195628748e-39 
12.299568905924962 	 3.69756940176115e-39 
12.382056825077944 	 3.654533081741539e-39 
12.46509795523029 	 3.6125678096332416e-39 
12.548696006530268 	 3.571643256222161e-39 
12.632854714008493 	 3.531730146235041e-39 
12.717577837744846 	 3.492800217326679e-39 
12.80286916303645 	 3.454826180764686e-39 
12.88873250056676 	 3.4177816837426234e-39 
12.975171686575875 	 3.3816412732547375e-39 
13.062190583031892 	 3.3463803614678445e-39 
13.149793077803478 	 3.311975192528145e-39 
13.237983084833544 	 3.278402810743089e-39 
13.32676454431415 	 3.2456410300805356e-39 
13.416141422862523 	 3.213668404929835e-39 
13.506117713698297 	 3.182464202071433e-39 
13.596697436821886 	 3.1520083738037196e-39 
13.687884639194145 	 3.12228153217804e-39 
13.779683394917143 	 3.093264924294487e-39 
13.87209780541621 	 3.0649404086133636e-39 
13.965131999623146 	 3.037290432238693e-39 
14.05879013416075 	 3.010298009132339e-39 
14.153076393528487 	 2.983946699218714e-39 
14.247994990289472 	 2.9582205883419046e-39 
14.343550165258648 	 2.9331042690386947e-39 
14.439746187692299 	 2.9085828220923704e-39 
14.536587355478769 	 2.8846417988338144e-39 
14.6340779953305 	 2.861267204157832e-39 
14.73222246297731 	 2.838445480224025e-39 
14.831025143361044 	 2.816163490812765e-39 
14.930490450831462 	 2.7944085063082708e-39 
15.030622829343473 	 2.773168189281907e-39 
15.131426752655662 	 2.752430580649976e-39 
15.23290672453021 	 2.7321840863815047e-39 
15.335067278934085 	 2.7124174647324905e-39 
15.437912980241633 	 2.693119813984173e-39 
15.541448423438467 	 2.6742805606639353e-39 
15.64567823432682 	 2.6558894482281524e-39 
15.750607069732183 	 2.6378601010365928e-39 
15.85623961771138 	 2.6197768749824648e-39 
15.96258059776199 	 2.6015712314781294e-39 
16.069634761033264 	 2.5832344485293152e-39 
16.177406890538347 	 2.5647579851560708e-39 
16.28590180136802 	 2.5461335532830313e-39 
16.395124340905767 	 2.5273185185007074e-39 
16.505079389044425 	 2.5079938524472238e-39 
16.61577185840416 	 2.488081022389607e-39 
16.727206694551967 	 2.467577595669797e-39 
16.83938887622265 	 2.4464827963419778e-39 
16.952323415541205 	 2.424797635264555e-39 
17.066015358246833 	 2.4024062472004918e-39 
17.18046978391833 	 2.379111763628193e-39 
17.295691806201038 	 2.3549247438805077e-39 
17.411686573035308 	 2.329862980571285e-39 
17.528459266886532 	 2.3039479065084775e-39 
17.64601510497666 	 2.27712896673107e-39 
17.764359339517313 	 2.2492683608517295e-39 
17.883497257944416 	 2.220401384064612e-39 
18.003434183154475 	 2.190574668705853e-39 
18.124175473742365 	 2.1598384555862932e-39 
18.245726524240766 	 2.1281352067896204e-39 
18.368092765361133 	 2.0954528606734185e-39 
18.491279664236405 	 2.0618651581545842e-39 
18.615292724665206 	 2.027449724554439e-39 
18.7401374873578 	 1.992244895635327e-39 
18.86581953018357 	 1.956239768255363e-39 
18.992344468420296 	 1.919526193506695e-39 
19.11971795500501 	 1.8822019312221015e-39 
19.247945680786575 	 1.8443365450515817e-39 
19.377033374779888 	 1.8059567237845088e-39 
19.506986804421924 	 1.767165740243918e-39 
19.63781177582936 	 1.7280696427420012e-39 
19.76951413405802 	 1.6887354650302537e-39 
19.902099763363967 	 1.649224963080112e-39 
20.03557458746647 	 1.6096433160689122e-39 
20.169944569812625 	 1.5700862896957242e-39 
20.30521571384382 	 1.530606427950689e-39 
20.4413940632639 	 1.4912895201100625e-39 
20.578485702309273 	 1.4522263607130252e-39 
20.71649675602069 	 1.413476526738435e-39 
20.855433390516925 	 1.3751020406135723e-39 
20.995301813270235 	 1.337178990351475e-39 
21.136108273383744 	 1.2997627428756407e-39 
21.277859061870622 	 1.2628980241897746e-39 
21.420560511935165 	 1.2266434743120605e-39 
21.56421899925572 	 1.191040594176073e-39 
21.708840942269582 	 1.1561214933518856e-39 
21.854432802459762 	 1.1219272683867499e-39 
22.001001084643633 	 1.0884823928547196e-39 
22.148552337263602 	 1.0558087747491619e-39 
22.297093152679636 	 1.0239306756586238e-39 
22.44663016746385 	 9.928576317703833e-40 
22.597170062696982 	 9.62602500467886e-40 
22.748719564266924 	 9.331736314814348e-40 
22.901285443169165 	 9.04571054357136e-40 
23.054874515809384 	 8.76798304817785e-40 
23.209493644307955 	 8.498501864759883e-40 
23.365149736806547 	 8.237223687860188e-40 
23.521849747776734 	 7.984074813783449e-40 
23.679600678330775 	 7.738944186516733e-40 
23.83840957653436 	 7.501730491953727e-40 
23.998283537721548 	 7.27228502377608e-40 
24.159229704811708 	 7.050474915515867e-40 
24.321255268628732 	 6.836130571911559e-40 
24.484367468222267 	 6.629093019653235e-40 
24.648573591191166 	 6.429179607314886e-40 
24.813880974009038 	 6.236213809220098e-40 
24.980297002352092 	 6.050004706773018e-40 
25.147829111429093 	 5.87036614465225e-40 
25.316484786313556 	 5.697102792232539e-40 
25.48627156227813 	 5.5300249405485304e-40 
25.657197025131335 	 5.368936519555852e-40 
25.82926881155644 	 5.2136484103135815e-40 
26.002494609452665 	 5.063967268966773e-40 
26.176882158278637 	 4.9197071234295365e-40 
26.352439249398234 	 4.780680581535664e-40 
26.529173726428652 	 4.646706231509183e-40 
26.707093485590864 	 4.517605137262204e-40 
26.88620647606237 	 4.393201823305387e-40 
27.06652070033241 	 4.273326605389186e-40 
27.248044214559485 	 4.157812408791729e-40 
27.43078512893128 	 4.046497801324906e-40 
27.614751608026992 	 3.939225896959832e-40 
27.799951871182174 	 3.835843939103498e-40 
27.986394192855922 	 3.736204677757947e-40 
28.174086903000575 	 3.6401653491318893e-40 
28.363038387433843 	 3.5475877604985723e-40 
28.553257088213552 	 3.4583387627889943e-40 
28.744751504014765 	 3.3722898868956655e-40 
28.937530190509516 	 3.2893170717425005e-40 
29.131601760749014 	 3.209300870371707e-40 
29.32697488554853 	 3.1321264050084893e-40 
29.52365829387476 	 3.057683037577489e-40 
29.721660773235826 	 2.985864338303595e-40 
29.920991170073897 	 2.916568021991763e-40 
30.12165839016038 	 2.8496958250290247e-40 
30.323671398993916 	 2.785153375762741e-40 
30.527039222200862 	 2.722850022664191e-40 
30.731770945938592 	 2.6626987532958975e-40 
30.937875717301385 	 2.6046160702493118e-40 
31.145362744729184 	 2.5485218655473894e-40 
31.354241298418973 	 2.494339297718114e-40 
31.564520710738975 	 2.441994672501855e-40 
31.77621037664554 	 2.3914173211902383e-40 
31.989319754103008 	 2.3425394843206395e-40 
32.20385836450619 	 2.2952961995274754e-40 
32.419835793105825 	 2.2496251926492815e-40 
32.63726168943674 	 2.2054667699499583e-40 
32.85614576774912 	 2.162763780010172e-40 
33.07649780744241 	 2.1214615529737986e-40 
33.2983276535023 	 2.081507663520641e-40 
33.52164521694051 	 2.0428518383571066e-40 
33.746460475237726 	 2.0054458702983884e-40 
33.972783472789274 	 1.969243534147698e-40 
34.20062432135393 	 1.9342005052792604e-40 
34.42999320050565 	 1.900274280952178e-40 
34.660900358088455 	 1.867424104985683e-40 
34.89335611067425 	 1.8356108939678115e-40 
35.12737084402374 	 1.804797165846284e-40 
35.362955013550426 	 1.774946972936924e-40 
35.60011914478783 	 1.7460258367000374e-40 
35.83887383385967 	 1.7180006850837255e-40 
36.079229747953335 	 1.6908397923772904e-40 
36.32119762579639 	 1.6645127218741633e-40 
36.564788278136476 	 1.6389902703775803e-40 
36.810012588224275 	 1.6142444143297884e-40 
37.05688151229975 	 1.5902482596835542e-40 
37.30540608008162 	 1.5669759932842766e-40 
37.5555973952602 	 1.5444028363239951e-40 
37.80746663599349 	 1.522504999803768e-40 
38.06102505540662 	 1.5012596421964577e-40 
38.31628398209449 	 1.4806448285751952e-40 
38.57325482062812 	 1.4606394910460535e-40 
38.83194905206404 	 1.4412233919796904e-40 
39.09237823445728 	 1.4223770884248667e-40 
39.354554003377814 	 1.4040818980929784e-40 
39.6184880724303 	 1.3863198668551552e-40 
39.8841922337776 	 1.369073737925172e-40 
40.15167835866747 	 1.3523269219804588e-40 
40.420958397963076 	 1.3360634684790808e-40 
40.692044382676826 	 1.320268038903364e-40 
40.96494842450799 	 1.3049258808985946e-40 
41.23968271638378 	 1.290022803569145e-40 
41.51625953300418 	 1.2755451538828277e-40 
41.79469123139021 	 1.261479794362647e-40 
42.07499025143619 	 1.2478140812267002e-40 
42.35716911646544 	 1.2345358437388457e-40 
42.64124043378985 	 1.2216333647390544e-40 
42.927216895273055 	 1.2090953618718525e-40 
43.21511127789764 	 1.1969109696519812e-40 
43.50493644433588 	 1.1850697223424575e-40 
43.7967053435245 	 1.1735615377729639e-40 
44.09043101124309 	 1.1623767013240961e-40 
44.38612657069669 	 1.1515058510562846e-40 
44.683805233102 	 1.1409399635005284e-40 
44.98348029827769 	 1.1306703399967286e-40 
45.28516515523854 	 1.1206885936335756e-40 
45.58887328279375 	 1.1109866367982313e-40 
45.89461825014908 	 1.101556669345048e-40 
46.20241371751313 	 1.0923911668624675e-40 
46.512273436707595 	 1.0834828698988128e-40 
46.82421125178177 	 1.0748247735451323e-40 
47.13824109963103 	 1.0664101174431357e-40 
47.45437701061953 	 1.0582323762251377e-40 
47.77263310920698 	 1.0502852504319378e-40 
48.09302361457981 	 1.0425626577485005e-40 
48.41556284128644 	 1.0350587244355062e-40 
48.740265199876795 	 1.0277677774375508e-40 
49.06714519754611 	 1.0206843367065145e-40 
49.396217438783204 	 1.0138031078472842e-40 
49.727496626022905 	 1.0071189750755957e-40 
50.06099756030296 	 1.000626994565944e-40 
50.39673514192524 	 9.94322387853298e-41 
50.73472437112162 	 9.88200535615534e-41 
51.07498034872405 	 9.82256971806463e-41 
51.41751827683925 	 9.764873779689298e-41 
51.76235345952798 	 9.70887577783588e-41 
52.109501303488656 	 9.654535318546462e-41 
52.45897731874588 	 9.601813327721738e-41 
52.810797119343306 	 9.550672001392263e-41 
53.16497642404128 	 9.501074760221751e-41 
53.52153105701902 	 9.452986205521626e-41 
53.88047694858181 	 9.406372076827677e-41 
54.241830135872604 	 9.361199211191141e-41 
54.605606763588604 	 9.317435504405643e-41 
54.97182308470248 	 9.27504987365035e-41 
55.34049546118866 	 9.23401222028037e-41 
55.7116403647543 	 9.194293439411524e-41 
56.08527437757523 	 9.155866216897799e-41 
56.461414193036696 	 9.118703532912428e-41 
56.840076616479415 	 9.082778843123036e-41 
57.22127856595025 	 9.048066431974022e-41 
57.60503707295816 	 9.01454138362998e-41 
57.99136928323504 	 8.982179554284531e-41 
58.38029245750189 	 8.950957546322032e-41 
58.77182397223994 	 8.920852716588595e-41 
59.16598132046703 	 8.891843793786256e-41 
59.56278211251906 	 8.863909727237282e-41 
59.96224407683696 	 8.837029825399913e-41 
60.36438506075867 	 8.811184027525315e-41 
60.76922303131657 	 8.786352882997732e-41 
61.17677607604011 	 8.762517531417625e-41 
61.587062403764136 	 8.739659683260467e-41 
62.00010034544224 	 8.717761941217324e-41 
62.41590835496592 	 8.696807563537777e-41 
62.83450500998887 	 8.676779842349124e-41 
63.255909012757186 	 8.65766256785553e-41 
63.68013919094491 	 8.639440016029542e-41 
64.10721449849518 	 8.62209693320404e-41 
64.53715401646701 	 8.605618525720884e-41 
64.96997695388798 	 8.589990836456277e-41 
65.40570264861226 	 8.57520018056964e-41 
65.84435056818481 	 8.561233024119614e-41 
66.28594031071087 	 8.548076234882702e-41 
66.7304916057319 	 8.535717070302357e-41 
67.17802431510684 	 8.524143165525023e-41 
67.62855843389961 	 8.513342692607601e-41 
68.08211409127237 	 8.503304365903863e-41 
68.53871155138495 	 8.494016884767653e-41 
68.99837121430018 	 8.48546927086444e-41 
69.46111361689536 	 8.477650870234361e-41 
69.92695943377979 	 8.470551343884325e-41 
70.3959294782184 	 8.464160829058556e-41 
70.86804470306186 	 8.458469866098335e-41 
71.34332620168252 	 8.453469000234899e-41 
71.82179520891697 	 8.449149052725383e-41 
72.3034731020146 	 8.445501116684284e-41 
72.78838140159296 	 8.442516565126405e-41 
73.27654177259903 	 8.440187283313522e-41 
73.76797602527735 	 8.438505225826916e-41 
74.26270611614426 	 8.437462490083241e-41 
74.76075414896916 	 8.437051409279737e-41 
75.26214237576184 	 8.437264546071113e-41 
75.76689319776682 	 8.438094855902376e-41 
76.27502916646401 	 8.439535496284582e-41 
76.78657298457651 	 8.441579673620898e-41 
77.30154750708478 	 8.44422079951844e-41 
77.81997574224785 	 8.447452485240801e-41 
78.34188085263114 	 8.451268682627201e-41 
78.86728615614152 	 8.455663520862768e-41 
79.39621512706903 	 8.460631173815579e-41 
79.9286913971357 	 8.466165994565546e-41 
80.46473875655124 	 8.472262518908085e-41 
81.00438115507619 	 8.478915614287828e-41 
81.54764270309178 	 8.486120208956302e-41 
82.09454767267727 	 8.493871323918763e-41 
82.64512049869414 	 8.502164137722623e-41 
83.19938577987816 	 8.510994036957998e-41 
83.75736827993816 	 8.520356652780049e-41 
84.3190929286626 	 8.530247617972955e-41 
84.88458482303312 	 8.540662698668932e-41 
85.4538692283462 	 8.551597812286046e-41 
86.02697157934175 	 8.563049136297009e-41 
86.60391748133956 	 8.57501287862288e-41 
87.18473271138319 	 8.587485337921464e-41 
87.76944321939185 	 8.600462941555129e-41 
88.35807512931967 	 8.613942345142729e-41 
88.95065474032295 	 8.627920267928692e-41 
89.54720852793497 	 8.642393491932262e-41 
90.14776314524917 	 8.657358915977374e-41 
90.7523454241098 	 8.672813643255059e-41 
91.36098237631073 	 8.688754838953414e-41 
91.97370119480236 	 8.705179725490934e-41 
92.59052925490637 	 8.72208563611328e-41 
93.21149411553913 	 8.739470092515652e-41 
93.83662352044269 	 8.75733065233828e-41 
94.46594539942456 	 8.775664940246852e-41 
95.09948786960528 	 8.794470696273347e-41 
95.737279236675 	 8.813745819640936e-41 
96.37934799615786 	 8.833488224111081e-41 
97.02572283468533 	 8.853695902875538e-41 
97.6764326312776 	 8.874366986281577e-41 
98.33150645863421 	 8.895499694006498e-41 
98.9909735844327 	 8.917092275672584e-41 
99.6548634726364 	 8.939143074117194e-41 
100.32320578481064 	 8.961650571044447e-41 
100.99603038144825 	 8.984613269548835e-41 
101.6733673233035 	 9.00802973820209e-41 
102.35524687273518 	 9.031898670053982e-41 
103.04169949505875 	 9.056218816703735e-41 
103.73275585990741 	 9.080988969031301e-41 
104.42844684260244 	 9.106208014129543e-41 
105.12880352553267 	 9.131874933214238e-41 
105.83385719954286 	 9.157988728916659e-41 
106.54363936533231 	 9.184548482945582e-41 
107.25818173486189 	 9.211553380050381e-41 
107.97751623277094 	 9.23900262544873e-41 
108.70167499780358 	 9.266895491143539e-41 
109.43069038424474 	 9.295231349824145e-41 
110.16459496336557 	 9.324009597826407e-41 
110.90342152487888 	 9.353229690914255e-41 
111.6472030784036 	 9.382891179626088e-41 
112.39597285494037 	 9.412993639641367e-41 
113.14976430835569 	 9.443536703324333e-41 
113.9086111168768 	 9.474520090448817e-41 
114.6725471845963 	 9.505943545240805e-41 
115.44160664298698 	 9.537806870049592e-41 
116.21582385242672 	 9.57010994543921e-41 
116.99523340373382 	 9.60285267538303e-41 
117.77987011971193 	 9.636035026722481e-41 
118.56976905670665 	 9.669657031345403e-41 
119.3649655061713 	 9.703718746126262e-41 
120.1654949962438 	 9.738220297691818e-41 
120.97139329333396 	 9.773161858534065e-41 
121.78269640372162 	 9.808543635370852e-41 
122.59944057516515 	 9.844365905477905e-41 
123.42166229852111 	 9.880628976171285e-41 
124.24939830937466 	 9.917333202287948e-41 
125.08268558968032 	 9.954478998869097e-41 
125.92156136941509 	 9.992066806379098e-41 
126.76606312824129 	 1.0030097125669152e-40 
127.61622859718118 	 1.0068570496086454e-40 
128.47209576030278 	 1.01074874943272e-40 
129.33370285641706 	 1.0146848755142666e-40 
130.20108838078588 	 1.0186654939671202e-40 
131.07429108684258 	 1.022690676245739e-40 
131.95334998792305 	 1.0267604976404853e-40 
132.83830435900882 	 1.0308750370394157e-40 
133.72919373848183 	 1.0350343785424948e-40 
134.62605792989098 	 1.0392386089574214e-40 
135.52893700373036 	 1.0434878202170954e-40 
136.43787129922993 	 1.0477821074941022e-40 
137.3529014261569 	 1.0521215699857754e-40 
138.27406826663133 	 1.0565063112036244e-40 
139.20141297695181 	 1.0609364376918927e-40 
140.1349769894346 	 1.0654120607681081e-40 
141.0748020142646 	 1.0699332945485977e-40 
142.0209300413591 	 1.074500257692112e-40 
142.9734033422436 	 1.0791130719795993e-40 
143.93226447194078 	 1.0837718631410845e-40 
144.89755627087106 	 1.0884767605630288e-40 
145.86932186676756 	 1.093227896968554e-40 
146.84760467660246 	 1.0980254091238739e-40 
147.8324484085269 	 1.102869436782582e-40 
148.8238970638237 	 1.1077601238455954e-40 
149.8219949388735 	 1.112697617096892e-40 
150.82678662713366 	 1.1176820673824029e-40 
151.83831702113076 	 1.1227136284702555e-40 
152.85663131446591 	 1.1277924580360734e-40 
153.88177500383463 	 1.132918716759111e-40 
154.91379389105913 	 1.1380925690554597e-40 
155.9527340851347 	 1.143314182427912e-40 
156.99864200428982 	 1.1485837279651296e-40 
158.0515643780601 	 1.1539013799090455e-40 
159.11154824937606 	 1.1592673159662072e-40 
160.17864097666506 	 1.1646817170169742e-40 
161.25289023596656 	 1.1701447673314646e-40 
162.33434402306324 	 1.1756566543551555e-40 
163.42305065562465 	 1.1812175688775669e-40 
164.51905877536623 	 1.1868277048382069e-40 
165.62241735022246 	 1.1924872595005394e-40 
166.73317567653464 	 1.1981964332371966e-40 
167.8513833812535 	 1.2039554297415465e-40 
168.9770904241564 	 1.2097644557754684e-40 
170.1103471000795 	 1.2156237214145171e-40 
171.25120404116447 	 1.2215334397310185e-40 
172.39971221912128 	 1.2274938268480123e-40 
173.55592294750525 	 1.233505102049512e-40 
174.71988788400955 	 1.2395674877717995e-40 
175.89165903277325 	 1.2456812095952876e-40 
177.07128874670494 	 1.2518464962369355e-40 
178.25882972982154 	 1.2580635795431978e-40 
179.4543350396034 	 1.2643326944847118e-40 
180.65785808936394 	 1.2706540791536434e-40 
181.86945265063736 	 1.2770279747486445e-40 
183.08917285558016 	 1.2834546255741344e-40 
184.31707319938994 	 1.2899342790365804e-40 
185.55320854274018 	 1.2964671856404887e-40 
186.7976341142313 	 1.3030535989848764e-40 
188.05040551285816 	 1.3096937757602096e-40 
189.3115787104944 	 1.3163879757457979e-40 
190.5812100543923 	 1.323136461807637e-40 
191.85935626970164 	 1.3299394998967144e-40 
193.146074462003 	 1.3367973590515597e-40 
194.44142211985977 	 1.343710311392807e-40 
195.7454571173862 	 1.3506786321203565e-40 
197.0582377168334 	 1.3577025995165169e-40 
198.3798225711924 	 1.3647824949463893e-40 
199.71027072681474 	 1.3719186028586654e-40 
201.04964162604992 	 1.3791112107868075e-40 
202.39799510990224 	 1.3863606093506248e-40 
203.75539142070372 	 1.3936670922582264e-40 
205.1218912048058 	 1.4010309563083566e-40 
206.49755551528892 	 1.4084525013931004e-40 
207.88244581469024 	 1.4159320305044233e-40 
209.27662397774975 	 1.423469849733485e-40 
210.68015229417492 	 1.4310662682721813e-40 
212.09309347142286 	 1.4387215984201511e-40 
213.51551063750327 	 1.4464361555892612e-40 
214.94746734379805 	 1.4542102583084228e-40 
216.38902756790088 	 1.462044228228745e-40 
217.84025571647567 	 1.469938390129022e-40 
219.30121662813409 	 1.4778930719215454e-40 
220.7719755763325 	 1.4859086046582441e-40 
222.25259827228828 	 1.493985322537141e-40 
223.74315086791592 	 1.5021235629097696e-40 
225.24369995878163 	 1.5103236662912758e-40 
226.7543125870802 	 1.518585976360603e-40 
228.27505624462927 	 1.5269108399709345e-40 
229.8059988758851 	 1.5352986071584865e-40 
231.34720888097826 	 1.543749631150808e-40 
232.89875511876951 	 1.5522642683753668e-40 
234.46070690992642 	 1.560842878468433e-40 
236.03313404002066 	 1.5694858242842507e-40 
237.61610676264505 	 1.578193471904493e-40 
239.2096958025537 	 1.5869661906480022e-40 
240.81397235882108 	 1.595804353080811e-40 
242.4290081080231 	 1.6047083350264359e-40 
244.05487520743984 	 1.6136785155764554e-40 
245.691646298279 	 1.6227152771013494e-40 
247.3393945089218 	 1.6318190052616192e-40 
248.9981934581902 	 1.6409900890191734e-40 
250.66811725863522 	 1.650228920648968e-40 
252.34924051984967 	 1.65953589575093e-40 
254.04163835180054 	 1.6689114132621281e-40 
255.74538636818508 	 1.6783558754692118e-40 
257.46056068980903 	 1.6878696880211e-40 
259.18723794798774 	 1.697453259941931e-40 
260.9254952879697 	 1.7071070036442686e-40 
262.67541037238385 	 1.716831334942558e-40 
264.437061384708 	 1.7266266730668286e-40 
266.2105270327639 	 1.7364934406766579e-40 
267.9958865522323 	 1.7464320638753704e-40 
269.7932197101939 	 1.756442972224495e-40 
271.60260680869266 	 1.7665265987584564e-40 
273.42412868832395 	 1.7766833799995182e-40 
275.2578667318461 	 1.7869137559729652e-40 
277.10390286781706 	 1.7972181702225313e-40 
278.9623195742534 	 1.8075970698260576e-40 
280.8331998823173 	 1.8180509054114072e-40 
282.71662738002465 	 1.828580131172598e-40 
284.61268621598055 	 1.8391852048861885e-40 
286.52146110313834 	 1.849866587927892e-40 
288.4430373225849 	 1.8606247452894285e-40 
290.3775007273506 	 1.8714601455956116e-40 
292.32493774624515 	 1.8823732611216663e-40 
294.2854353877195 	 1.8933645678107878e-40 
296.2590812437517 	 1.9044345452919165e-40 
298.2459634937629 	 1.9155836768977656e-40 
300.2461709085549 	 1.9268124496830658e-40 
302.25979285427746 	 1.9381213544430408e-40 
304.28691929642054 	 1.949510885732124e-40 
306.32764080383384 	 1.9609815418828897e-40 
308.38204855277354 	 1.9725338250252236e-40 
310.45023433097606 	 1.9841682411057198e-40 
312.53229054175773 	 1.9958852999073028e-40 
314.628310208145 	 2.0076855150690842e-40 
316.73838697702973 	 2.019569404106438e-40 
318.8626151233529 	 2.031537488431319e-40 
321.00108955431716 	 2.0435902933727827e-40 
323.1539058136269 	 2.0557283481977623e-40 
325.321160085757 	 2.067952186132047e-40 
327.5029492002507 	 2.0802623443815073e-40 
329.6993706360443 	 2.0926593641535297e-40 
331.91052252582426 	 2.1051437906786927e-40 
334.13650366041065 	 2.1177161732326636e-40 
336.37741349317093 	 2.130377065158314e-40 
338.63335214446363 	 2.1431270238880794e-40 
340.90442040611134 	 2.155966610966533e-40 
343.1907197459043 	 2.1688963920731846e-40 
345.49235231213356 	 2.1819169370455194e-40 
347.8094209381541 	 2.19502881990225e-40 
350.142029146981 	 2.208232618866809e-40 
352.49028115591307 	 2.221528916391057e-40 
354.85428188119005 	 2.2349182991792274e-40 
357.23413694267964 	 2.2484013582120975e-40 
359.62995266859645 	 2.2619786887713816e-40 
362.04183610025297 	 2.2756508904643667e-40 
364.4698949968419 	 2.2894185672487633e-40 
366.91423784024937 	 2.303282327457793e-40 
369.3749738399042 	 2.3172427838255114e-40 
371.8522129376553 	 2.331300553512346e-40 
374.34606581268434 	 2.345456258130882e-40 
376.8566438864507 	 2.359710523771871e-40 
379.3840593276695 	 2.374063981030472e-40 
381.9284250573233 	 2.388517265032726e-40 
384.48985475370705 	 2.403071015462265e-40 
387.0684628575075 	 2.4177258765872534e-40 
389.6643645769148 	 2.432482497287562e-40 
392.2776758927719 	 2.447341531082184e-40 
394.90851356375526 	 2.46230363615688e-40 
397.5569951315913 	 2.4773694753920586e-40 
400.22323892630834 	 2.492539716390899e-40 
402.9073640715234 	 2.50781503150771e-40 
405.60949048976414 	 2.5231960978765243e-40 
408.3297389078278 	 2.538683597439939e-40 
411.06823086217275 	 2.5542782169781818e-40 
413.8250887043516 	 2.569980648138438e-40 
416.6004356064756 	 2.5857915874644107e-40 
419.39439556671863 	 2.60171173642611e-40 
422.20709341485673 	 2.617741801449911e-40 
425.03865481784567 	 2.633882493948835e-40 
427.8892062854355 	 2.650134530353087e-40 
430.75887517582316 	 2.6664986321408388e-40 
433.64778970134086 	 2.6829755258692475e-40 
436.5560789341872 	 2.6995659432057436e-40 
439.4838728121921 	 2.716270620959552e-40 
442.4313021446224 	 2.7330903011134636e-40 
445.39849861802674 	 2.7500257308558678e-40 
448.38559480211865 	 2.767077662613027e-40 
451.3927241556996 	 2.78424685408161e-40 
454.42002103262257 	 2.801534068261484e-40 
457.4676206877925 	 2.818940073488741e-40 
460.5356592832121 	 2.836465643469019e-40 
463.624273894064 	 2.8541115573110434e-40 
466.7336025148347 	 2.8718785995604454e-40 
469.8637840654805 	 2.8897675602338392e-40 
473.0149583976343 	 2.907779234853159e-40 
476.1872663008535 	 2.9259144244802608e-40 
479.3808495089112 	 2.9441739357517837e-40 
482.5958507061263 	 2.962558580914268e-40 
485.83241353374177 	 2.981069177859574e-40 
489.0906825963399 	 2.9997065501605224e-40 
492.3708034683039 	 3.0184715271068385e-40 
495.67292270032164 	 3.037364943741347e-40 
498.99718782593345 	 3.0563876408964467e-40 
502.34374736812384 	 3.0755404652308633e-40 
505.7127508459568 	 3.0948242692666563e-40 
509.1043487812572 	 3.1142399114265334e-40 
512.5186927053333 	 3.1337882560714e-40 
515.9559351657502 	 3.1534701735382365e-40 
519.4162297331437 	 3.173286540178219e-40 
522.8997310080814 	 3.193238238395125e-40 
526.4065946279708 	 3.213326156684047e-40 
529.9369772740123 	 3.2335511896703593e-40 
533.4910366781997 	 3.2539142381489884e-40 
537.0689316303683 	 3.2744162091239778e-40 
540.6708219852866 	 3.2950580158483135e-40 
544.296868669802 	 3.31584057786407e-40 
547.9472336900287 	 3.3367648210428426e-40 
551.6220801385859 	 3.357831677626451e-40 
555.3215722018851 	 3.3790420862679677e-40 
559.0458751674655 	 3.4003969920730335e-40 
562.7951554313785 	 3.4218973466414528e-40 
566.5695805056229 	 3.4435441081091252e-40 
570.3693190256269 	 3.4653382411902417e-40 
574.1945407577856 	 3.487280717219819e-40 
578.0454166070436 	 3.5093725141965175e-40 
581.9221186245318 	 3.5316146168257645e-40 
585.8248200152536 	 3.5540080165632087e-40 
589.7536951458243 	 3.5765537116584525e-40 
593.7089195522607 	 3.5992527071991338e-40 
597.6906699478251 	 3.6221060151553e-40 
601.6991242309177 	 3.645114654424085e-40 
605.7344614930287 	 3.668279650874737e-40 
609.796862026737 	 3.691602037393961e-40 
613.8865073337666 	 3.715082853931543e-40 
618.0035801330954 	 3.7387231475463536e-40 
622.1482643691189 	 3.762523972452641e-40 
626.3207452198686 	 3.786486390066663e-40 
630.521209105286 	 3.810611469053643e-40 
634.7498436955489 	 3.834900285375064e-40 
639.0068379194606 	 3.859353922336303e-40 
643.2923819728877 	 3.8839734706345805e-40 
647.6066673272586 	 3.90876002840726e-40 
651.9498867381186 	 3.933714701280492e-40 
656.3222342537412 	 3.958838602418186e-40 
660.7239052237983 	 3.9841328525713385e-40 
665.1550963080888 	 4.009598580127697e-40 
669.6160054853223 	 4.035236921161772e-40 
674.1068320619681 	 4.061049019485219e-40 
678.6277766811584 	 4.087036026697548e-40 
683.1790413316517 	 4.113199102237185e-40 
687.7608293568588 	 4.139539413432917e-40 
692.3733454639272 	 4.166058135555671e-40 
697.0167957328871 	 4.1927564518706635e-40 
701.6913876258589 	 4.2196355536899145e-40 
706.3973299963229 	 4.246696640425123e-40 
711.1348330984479 	 4.273940919640899e-40 
715.9041085964889 	 4.301369607108391e-40 
720.7053695742412 	 4.32898392685928e-40 
725.5388305445621 	 4.356785111240113e-40 
730.4047074589537 	 4.384774400967061e-40 
735.3032177172123 	 4.412953045181029e-40 
740.234580177141 	 4.441322301503153e-40 
745.1990151643289 	 4.469883436090684e-40 
750.1967444819919 	 4.498637723693241e-40 
755.2279914208867 	 4.527586447709497e-40 
760.2929807692846 	 4.556730900244199e-40 
765.3919388230148 	 4.586072382165624e-40 
770.5250933955757 	 4.615612203163412e-40 
775.6926738283126 	 4.645351681806796e-40 
780.8949110006649 	 4.675292145603255e-40 
786.1320373404814 	 4.705434931057544e-40 
791.4042868344025 	 4.735781383731132e-40 
796.7118950383186 	 4.766332858302075e-40 
802.0550990878917 	 4.7970907186252815e-40 
807.43413770915 	 4.828056337793185e-40 
812.8492512291552 	 4.859231098196843e-40 
818.300681586739 	 4.890616391587465e-40 
823.7886723433126 	 4.922213619138343e-40 
829.31346869375 	 4.9540241915072225e-40 
834.8753174773391 	 4.9860495288990786e-40 
840.4744671888153 	 5.018291061129364e-40 
846.1111679894603 	 5.050750227687644e-40 
851.7856717182804 	 5.083428477801693e-40 
857.4982319032572 	 5.116327270502028e-40 
863.2491037726759 	 5.1494480746868774e-40 
869.0385442665279 	 5.182792369187598e-40 
874.8668120479914 	 5.216361642834528e-40 
880.7341675149848 	 5.2501573945233095e-40 
886.6408728118062 	 5.2841811332816515e-40 
892.5871918408412 	 5.318434378336551e-40 
898.5733902743559 	 5.352918659181971e-40 
904.5997355663658 	 5.387635515646992e-40 
910.6664969645853 	 5.4225864979643956e-40 
916.7739455224578 	 5.45777316683977e-40 
922.9223541112651 	 5.493197093521025e-40 
929.1119974323208 	 5.528859859868441e-40 
935.3431520292387 	 5.564763058425124e-40 
941.6160963002949 	 5.60090829248803e-40 
947.9311105108619 	 5.637297176179394e-40 
954.2884768059317 	 5.67393133451868e-40 
960.6884792227214 	 5.7108124034950225e-40 
967.1314037033632 	 5.747942030140142e-40 
973.6175381076806 	 5.785321872601796e-40 
980.1471722260501 	 5.822953600217669e-40 
986.7205977923445 	 5.860838893589809e-40 
993.3381084969732 	 5.898979444659568e-40 
1000.0 	 5.937376956783042e-40 
