2.0 	 8.376853903485012e-24 
2.2 	 1.8939834968650932e-24 
2.4 	 6.852045484511642e-28 
2.6 	 7.439787319238815e-29 
3.0 	 1.016063495984207e-30 
3.2 	 2.6475663808676284e-31 
3.4 	 6.807090751672269e-32 
3.6 	 2.464092097669033e-32 
4.0 	 4.915004308866777e-33 
4.2 	 2.6511821368858252e-33 
4.4 	 1.5602828570522863e-33 
4.6 	 9.908265191065974e-34 
5.0 	 4.733660987450078e-34 
5.2 	 3.4925795675023025e-34 
5.4 	 2.665290873410294e-34 
5.6 	 2.092306005710045e-34 
6.0 	 1.3807888071608643e-34 
6.2 	 1.1536105242158125e-34 
6.4 	 9.788132987799786e-35 
6.6 	 8.417909691364035e-35 
7.0 	 6.442274152864335e-35 
7.2 	 5.7172660948508e-35 
7.4 	 5.114880001467639e-35 
7.6 	 4.6087593163630064e-35 
8.0 	 3.8113853707784994e-35 
8.2 	 3.493804869274165e-35 
8.4 	 3.217578267243171e-35 
8.6 	 2.9757117897231406e-35 
9.0 	 2.573816030666007e-35 
9.2 	 2.4057567222801306e-35 
9.4 	 2.2554093997403399e-35 
9.6 	 2.1203199889347993e-35 
10.0 	 1.8880896301956032e-35 
12.0 	 1.1856156514080262e-35 
14.0 	 8.542398664758261e-36 
16.0 	 7.112158981389797e-36 
20.0 	 7.36106801662611e-36 
22.0 	 7.058365686329004e-36 
24.0 	 6.183290188556728e-36 
26.0 	 5.1909378127717266e-36 
30.0 	 3.654426157104912e-36 
32.0 	 3.1369383768058626e-36 
34.0 	 2.74199560161942e-36 
36.0 	 2.4378419088570472e-36 
40.0 	 2.0128068342989726e-36 
42.0 	 1.862297451728404e-36 
44.0 	 1.7401546091768444e-36 
46.0 	 1.639958065409518e-36 
50.0 	 1.4877017128546823e-36 
52.0 	 1.4295162915089221e-36 
54.0 	 1.3803562144884397e-36 
56.0 	 1.3386406734051835e-36 
60.0 	 1.2728326196958104e-36 
62.0 	 1.2469572840012255e-36 
64.0 	 1.2248907928286076e-36 
66.0 	 1.2060420176291273e-36 
70.0 	 1.1764227161711326e-36 
72.0 	 1.1649854781285107e-36 
74.0 	 1.1554378043834591e-36 
76.0 	 1.1475620096967087e-36 
80.0 	 1.1361055506318889e-36 
82.0 	 1.1322263465164547e-36 
84.0 	 1.1294139388694605e-36 
86.0 	 1.1275631948264152e-36 
90.0 	 1.1263921465130303e-36 
92.0 	 1.1269201464461907e-36 
94.0 	 1.1281039987585749e-36 
96.0 	 1.1298880263369336e-36 
100.0 	 1.1350615925033704e-36 
120.0 	 1.1841534217603884e-36 
140.0 	 1.2568770163440312e-36 
160.0 	 1.3426483215656153e-36 
200.0 	 1.5349888422244283e-36 
220.00000000000003 	 1.6372042630346805e-36 
240.0 	 1.741917540715283e-36 
260.0 	 1.848476776055802e-36 
300.0 	 2.0654904423707808e-36 
320.0 	 2.1754064579306378e-36 
340.0 	 2.2860185699913795e-36 
360.0 	 2.3972006336801768e-36 
400.0 	 2.620902067025506e-36 
420.0 	 2.733284304214277e-36 
440.00000000000006 	 2.8459512669490396e-36 
459.99999999999994 	 2.958863613572591e-36 
500.0 	 3.1852977156252666e-36 
520.0 	 3.298769574453409e-36 
540.0 	 3.412384770980216e-36 
560.0 	 3.526127142796153e-36 
600.0 	 3.753938883150557e-36 
620.0 	 3.867986539860713e-36 
640.0 	 3.982115617626898e-36 
660.0 	 4.096318819316702e-36 
700.0 	 4.324921432217888e-36 
720.0 	 4.4393090060521745e-36 
740.0 	 4.553747833964409e-36 
760.0 	 4.6682335383953175e-36 
800.0 	 4.8973310068090937e-36 
819.9999999999999 	 5.0119358306482664e-36 
840.0 	 5.1265760979307976e-36 
860.0 	 5.241247275993e-36 
900.0 	 5.4706748129338153e-36 
919.9999999999999 	 5.585427632064919e-36 
940.0 	 5.7002053026956144e-36 
960.0 	 5.8150045769081015e-36 
1000.0 	 6.044664189240552e-36 
1200.0 	 7.193913878189761e-36 
1400.0 	 8.344240405270128e-36 
1600.0 	 9.495233076487401e-36 
2000.0 	 1.179840120539692e-35 
2200.0 	 1.2950357617143343e-35 
2400.0 	 1.410248224220528e-35 
2600.0 	 1.5254729441108592e-35 
3000.0 	 1.7559505747633434e-35 
3200.0 	 1.8711996732487723e-35 
3400.0 	 1.986453968487641e-35 
3600.0 	 2.1017126983032544e-35 
4000.0 	 2.3320829338200582e-35 
4200.0 	 2.447343137596721e-35 
4400.0 	 2.562605943613682e-35 
4600.0 	 2.6778703795880175e-35 
5000.0 	 2.908404963022517e-35 
5200.0 	 3.023674498583139e-35 
5400.0 	 3.1389449702744114e-35 
5600.0 	 3.254216510202148e-35 
6000.0 	 3.484762568659427e-35 
6200.0 	 3.6000367285931354e-35 
6400.0 	 3.715311597916324e-35 
6600.0 	 3.8305873679919503e-35 
7000.0 	 4.0611401807149396e-35 
7200.0 	 4.1764179620832333e-35 
7400.0 	 4.2916957658090793e-35 
7600.0 	 4.406973566274371e-35 
8000.0 	 4.637531504405407e-35 
8200.0 	 4.7528104241395444e-35 
8400.0 	 4.868089693852396e-35 
8600.0 	 4.983368766427811e-35 
9000.0 	 5.213929284863449e-35 
9200.0 	 5.32921055321513e-35 
9400.0 	 5.444491052470172e-35 
9600.0 	 5.559771840978881e-35 
10000.0 	 5.790334108826553e-35 
10200.0 	 5.905615324380584e-35 
10400.0 	 6.020897332861829e-35 
10600.0 	 6.136179024354139e-35 
