2.2 	 3.278686444455707e-27 
2.4 	 5.5126788367793585e-28 
2.6 	 2.150663828379966e-28 
3.0 	 7.302834707306751e-29 
3.2 	 3.15783111765931e-31 
3.4 	 7.673937904472884e-32 
3.6 	 3.3294879348073414e-32 
4.0 	 8.923008818273469e-33 
4.2 	 4.814546546419601e-33 
4.4 	 2.89864436614901e-33 
4.6 	 1.8502353269950725e-33 
5.0 	 8.777339955290635e-34 
5.2 	 6.420830514191864e-34 
5.4 	 4.851939483237615e-34 
5.6 	 3.765039196048064e-34 
6.0 	 2.4185682982495934e-34 
6.2 	 1.9915750648366256e-34 
6.4 	 1.6659542698457577e-34 
6.6 	 1.4129042216460304e-34 
7.0 	 1.054247232151047e-34 
7.2 	 9.254491553903926e-35 
7.4 	 8.201268009658513e-35 
7.6 	 7.331151755511319e-35 
8.0 	 5.994976249536675e-35 
8.2 	 5.477211004601323e-35 
8.4 	 5.034819107687989e-35 
8.6 	 4.6542162874658564e-35 
9.0 	 4.0376730140907467e-35 
9.2 	 3.786333972766009e-35 
9.4 	 3.565112980052938e-35 
9.6 	 3.369482877465936e-35 
10.0 	 3.040640428432909e-35 
12.0 	 2.119750799609765e-35 
14.0 	 1.7318833240363745e-35 
16.0 	 1.5370690731882574e-35 
20.0 	 1.0936298787052614e-35 
22.0 	 9.417450002330456e-36 
24.0 	 8.344876618948506e-36 
26.0 	 6.626042758681426e-36 
30.0 	 4.4183963954022665e-36 
32.0 	 3.748598177647664e-36 
34.0 	 3.258191347940476e-36 
36.0 	 2.8931942155754035e-36 
40.0 	 2.4047680383571245e-36 
42.0 	 2.2395390190585548e-36 
44.0 	 2.10938697699446e-36 
46.0 	 2.00611438329212e-36 
50.0 	 1.8573483085168663e-36 
52.0 	 1.804114036566696e-36 
54.0 	 1.761377351830838e-36 
56.0 	 1.7272130447044306e-36 
60.0 	 1.6789284087837635e-36 
62.0 	 1.6626926746069942e-36 
64.0 	 1.6506636874489737e-36 
66.0 	 1.6422264192018545e-36 
70.0 	 1.634201929613476e-36 
72.0 	 1.63385738738604e-36 
74.0 	 1.63555289181969e-36 
76.0 	 1.6390431971268594e-36 
80.0 	 1.6506106973534768e-36 
82.0 	 1.6583596129411917e-36 
84.0 	 1.6672354597736947e-36 
86.0 	 1.6540835222028727e-36 
90.0 	 1.620616600504283e-36 
92.0 	 1.6068915889339507e-36 
94.0 	 1.5949131219601794e-36 
96.0 	 1.5844081425535873e-36 
100.0 	 1.567816812290263e-36 
120.0 	 1.5432656071663682e-36 
140.0 	 1.575424315145787e-36 
160.0 	 1.6368785348557545e-36 
200.0 	 1.80442278325726e-36 
220.00000000000003 	 1.9006622823800758e-36 
240.0 	 2.0017497621408085e-36 
260.0 	 2.1065860337408865e-36 
300.0 	 2.3238249956710084e-36 
320.0 	 2.43507969919357e-36 
340.0 	 2.547633957518527e-36 
360.0 	 2.6612427030565602e-36 
400.0 	 2.8909141831881455e-36 
420.0 	 3.006716433628284e-36 
440.00000000000006 	 3.123032690905472e-36 
459.99999999999994 	 3.239788915245508e-36 
500.0 	 3.4743898138426565e-36 
520.0 	 3.5921431268736174e-36 
540.0 	 3.710149991811879e-36 
560.0 	 3.8283799543393274e-36 
600.0 	 4.065415253305624e-36 
620.0 	 4.184180494307769e-36 
640.0 	 4.3030878103191676e-36 
660.0 	 4.4221242771367694e-36 
700.0 	 4.6605371454110956e-36 
720.0 	 4.779892290218544e-36 
740.0 	 4.8993369546637586e-36 
760.0 	 5.018522218877338e-36 
800.0 	 5.257811934679728e-36 
819.9999999999999 	 5.377553177129166e-36 
840.0 	 5.4973524898460134e-36 
860.0 	 5.617205206474213e-36 
900.0 	 5.857056986920461e-36 
919.9999999999999 	 5.977048755068651e-36 
940.0 	 6.09708159303881e-36 
960.0 	 6.217152153403917e-36 
1000.0 	 6.45739550063381e-36 
1200.0 	 7.660214655886783e-36 
1400.0 	 8.86483718646322e-36 
1600.0 	 1.0070567818675207e-35 
2000.0 	 1.2483990820509453e-35 
2200.0 	 1.3691322562584378e-35 
2400.0 	 1.489892310495351e-35 
2600.0 	 1.6106733056310324e-35 
3000.0 	 1.8522808031608176e-35 
3200.0 	 1.973101501137414e-35 
3400.0 	 2.0939307271989304e-35 
3600.0 	 2.2147671541216236e-35 
4000.0 	 2.4564571771568384e-35 
4200.0 	 2.577309135291703e-35 
4400.0 	 2.6981653580813365e-35 
4600.0 	 2.819024037676735e-35 
5000.0 	 3.0607503489411074e-35 
5200.0 	 3.1816171944467725e-35 
5400.0 	 3.302485590779585e-35 
5600.0 	 3.423355596078838e-35 
6000.0 	 3.665101173024298e-35 
6200.0 	 3.785975757404913e-35 
6400.0 	 3.906851911059665e-35 
6600.0 	 4.0277285948128373e-35 
7000.0 	 4.2694846842420385e-35 
7200.0 	 4.3903643349668176e-35 
7400.0 	 4.511244662540307e-35 
7600.0 	 4.6321253529374424e-35 
8000.0 	 4.873889080449493e-35 
8200.0 	 4.994771769329747e-35 
8400.0 	 5.115654515167019e-35 
8600.0 	 5.236538186222869e-35 
9000.0 	 5.478306842714702e-35 
9200.0 	 5.599191652064792e-35 
9400.0 	 5.720077126347315e-35 
9600.0 	 5.84096218622226e-35 
10000.0 	 6.082733704835219e-35 
10200.0 	 6.203620055857164e-35 
10400.0 	 6.324507371304875e-35 
10600.0 	 6.445393593229462e-35 
