1.2589254117941673 	 3.91425049132969e-37 
1.2673684831230891 	 3.826382108419974e-37 
1.2758681785004236 	 3.740515833241387e-37 
1.2844248776793117 	 3.6566060471625785e-37 
1.2930389629597359 	 3.5746081709865443e-37 
1.3017108192056 	 3.494478641266786e-37 
1.3104408338619242 	 3.4161748871631375e-37 
1.3192293969721565 	 3.3396553078249253e-37 
1.3280769011955977 	 3.2648792502894663e-37 
1.3369837418249466 	 3.191806987884149e-37 
1.345950316803959 	 3.1203996991206355e-37 
1.35497702674523 	 3.050619447069967e-37 
1.3640642749480891 	 2.982429159207603e-37 
1.3732124674166226 	 2.91579260771771e-37 
1.3824220128778106 	 2.850674390246218e-37 
1.39169332279979 	 2.7870399110924195e-37 
1.4010268114102367 	 2.724855362829132e-37 
1.4104228957148743 	 2.664087708341648e-37 
1.419881995516104 	 2.6047046632759274e-37 
1.4294045334317613 	 2.5466746788867197e-37 
1.4389909349139975 	 2.4899669252764976e-37 
1.4486416282682892 	 2.434551275016289e-37 
1.4583570446725729 	 2.380398287139722e-37 
1.4681376181965105 	 2.327479191501762e-37 
1.4779837858208822 	 2.2757658734938512e-37 
1.4878959874571105 	 2.2252308591073035e-37 
1.4978746659669149 	 2.175847300337049e-37 
1.5079202671820975 	 2.127588960917948e-37 
1.5180332399244627 	 2.0804302023861113e-37 
1.5282140360258698 	 2.03434597045782e-37 
1.5384631103484205 	 1.9893117817188006e-37 
1.54878092080478 	 1.945303710616794e-37 
1.5591679283786377 	 1.9022983767505e-37 
1.5696245971453022 	 1.860272932448145e-37 
1.580151394292435 	 1.819205050629081e-37 
1.5907487901409254 	 1.7790729129419593e-37 
1.6014172581659014 	 1.7398551981731773e-37 
1.612157275017886 	 1.7015310709194448e-37 
1.6229693205440923 	 1.6640801705184507e-37 
1.6338538778098612 	 1.6274826002317427e-37 
1.6448114331202466 	 1.591718916674085e-37 
1.6558424760417403 	 1.556770119483666e-37 
1.666947499424146 	 1.5226176412276746e-37 
1.6781269994225994 	 1.4892433375378835e-37 
1.6893814755197354 	 1.4566294774709939e-37 
1.700711430548004 	 1.4247587340886221e-37 
1.712117370712136 	 1.3936141752519275e-37 
1.7235998056117598 	 1.3631792546259822e-37 
1.7351592482641696 	 1.333437802889115e-37 
1.7467962151272454 	 1.3043740191425478e-37 
1.7585112261225286 	 1.2759724625157698e-37 
1.7703048046584504 	 1.2482180439631834e-37 
1.7821774776537178 	 1.221096018247668e-37 
1.794129775560854 	 1.1945919761067978e-37 
1.8061622323899005 	 1.16869183659756e-37 
1.8182753857322733 	 1.143381839615492e-37 
1.8304697767847835 	 1.1186485385842838e-37 
1.8427459503738162 	 1.0944787933119406e-37 
1.8551044549796727 	 1.0708597630097234e-37 
1.867545842761076 	 1.047778899470156e-37 
1.8800706695798401 	 1.0252239404004724e-37 
1.892679495025705 	 1.0031829029079627e-37 
1.9053728824413392 	 9.81644077133759e-38 
1.9181513989475067 	 9.605960200316753e-38 
1.931015615468408 	 9.400275492888011e-38 
1.943966106757186 	 9.199277373846143e-38 
1.9570034514216061 	 9.002859057854585e-38 
1.9701282319499067 	 8.810916192713033e-38 
1.9833410347368245 	 8.623346803917682e-38 
1.996642450109794 	 8.440051240484705e-38 
2.010033072355321 	 8.260932122008131e-38 
2.023513499745536 	 8.08589428692405e-38 
2.0370843345649234 	 7.914844741953625e-38 
2.05074618313723 	 7.747692612698054e-38 
2.0644996558525563 	 7.584349095359251e-38 
2.0783453671946255 	 7.424727409560579e-38 
2.0922839357682395 	 7.268742752242581e-38 
2.1063159843269172 	 7.1163122526092e-38 
2.1204421398007156 	 6.967354928100589e-38 
2.1346630333242445 	 6.821791641369062e-38 
2.1489793002648594 	 6.679545058235379e-38 
2.163391580251054 	 6.540539606603015e-38 
2.1779005172010333 	 6.404701436308559e-38 
2.1925067593514864 	 6.271958379886952e-38 
2.207210959286545 	 6.1422399142307e-38 
2.2220137739669448 	 6.015477123122678e-38 
2.236915864759371 	 5.891602660622654e-38 
2.2519178974660146 	 5.770550715288053e-38 
2.2670205423543117 	 5.652256975209961e-38 
2.282224474186898 	 5.536658593845796e-38 
2.2975303722517477 	 5.423694156630493e-38 
2.3129389203925315 	 5.313303648348464e-38 
2.3284508070391614 	 5.205428421248994e-38 
2.344066725238557 	 5.100011163888135e-38 
2.359787372685601 	 4.996995870680565e-38 
2.3756134517543197 	 4.89632781214519e-38 
2.3915456695292576 	 4.797953505828726e-38 
2.407584737837072 	 4.701820687891794e-38 
2.4237313732783345 	 4.607878285342436e-38 
2.43998629725955 	 4.516076388902291e-38 
2.4563502360253855 	 4.4263662264910226e-38 
2.47282392069112 	 4.3387001373149376e-38 
2.4894080872753053 	 4.2530315465459603e-38 
2.5061034767326573 	 4.169314940577586e-38 
2.5229108349871527 	 4.08750584284463e-38 
2.539830912965362 	 4.0075607901939203e-38 
2.5568644666299956 	 3.929437309793399e-38 
2.5740122570136816 	 3.8530938965673613e-38 
2.591275050252968 	 3.778489991145827e-38 
2.608653617622548 	 3.705585958316352e-38 
2.6261487355697253 	 3.6343430659668183e-38 
2.6437611857490992 	 3.5647234645080194e-38 
2.6614917550574932 	 3.4966901667651077e-38 
2.679341235669107 	 3.4302070283272234e-38 
2.697310425070913 	 3.36523872834486e-38 
2.715400126098285 	 3.301750750764773e-38 
2.7336111469708704 	 3.2397093659924453e-38 
2.751944301328695 	 3.1790816129723976e-38 
2.7704004082685216 	 3.1198352816767833e-38 
2.7889802923804403 	 3.0619388959930026e-38 
2.807684783784714 	 3.0053616970012196e-38 
2.8265147181688635 	 2.9500736266329076e-38 
2.8454709368250084 	 2.89604531170174e-38 
2.8645542866874507 	 2.84324804829834e-38 
2.8837656203705184 	 2.7916537865406045e-38 
2.9031057962066553 	 2.741235115671496e-38 
2.9225756782847743 	 2.691965249496381e-38 
2.942176136488858 	 2.6438180121521864e-38 
2.961908046536829 	 2.5967678242008115e-38 
2.9817722900196717 	 2.5507896890394075e-38 
3.001769754440825 	 2.5058591796202915e-38 
3.021901333255827 	 2.461952425473467e-38 
3.0421679259122434 	 2.4190461000248286e-38 
3.062570437889843 	 2.3771174082033307e-38 
3.0831097807410615 	 2.3361440743305292e-38 
3.103786872131722 	 2.2961043302860638e-38 
3.1246026358820407 	 2.256976903942792e-38 
3.145558002007895 	 2.218741007865435e-38 
3.1666539067623827 	 2.181376328266726e-38 
3.1878912926776453 	 2.144863014215196e-38 
3.209271108606984 	 2.109181667088866e-38 
3.23079430976725 	 2.074313330269236e-38 
3.2524618577815243 	 2.0402394790701043e-38 
3.274274720722078 	 2.0069420108958553e-38 
3.2962338731536303 	 1.9744032356240039e-38 
3.3183402961768826 	 1.9426058662068615e-38 
3.3405949774723607 	 1.9115330094873655e-38 
3.362998911344535 	 1.8811681572241492e-38 
3.385553098766253 	 1.8514951773211345e-38 
3.408258547423452 	 1.8224983052569366e-38 
3.431116271760188 	 1.7941621357095683e-38 
3.454127293023958 	 1.7664716143719747e-38 
3.477292639311324 	 1.7394120299540446e-38 
3.500613345613852 	 1.7129690063668737e-38 
3.524090453864349 	 1.6871284950850978e-38 
3.54772501298342 	 1.661876767683261e-38 
3.5715180789263257 	 1.6372004085422406e-38 
3.5954707147301694 	 1.6130863077218627e-38 
3.6195839905613822 	 1.5895216539959103e-38 
3.6438589837635456 	 1.5664939280458406e-38 
3.6682967789055168 	 1.5439908958095755e-38 
3.6928984678298944 	 1.5220006019818487e-38 
3.7176651497017916 	 1.5005113636626497e-38 
3.7425979310579534 	 1.4795117641503826e-38 
3.7676979258561865 	 1.4589906468764569e-38 
3.7929662555251378 	 1.438937109478079e-38 
3.8184040490143896 	 1.4193404980060949e-38 
3.8440124428449085 	 1.4001904012648112e-38 
3.8697925811598135 	 1.381476645280782e-38 
3.8957456157755033 	 1.3631892878976298e-38 
3.9218727062331102 	 1.345318613494024e-38 
3.9481750198503147 	 1.3278551278220087e-38 
3.9746537317734902 	 1.310789552962946e-38 
4.001310025030215 	 1.2941128223983833e-38 
4.028145090582124 	 1.2778160761932413e-38 
4.055160127378118 	 1.2618906562887444e-38 
4.082356342407934 	 1.246328101902611e-38 
4.109734950756068 	 1.2311201450340456e-38 
4.1372971756560695 	 1.2162587060711594e-38 
4.165044248545183 	 1.201735889498466e-38 
4.19297740911938 	 1.187543979702193e-38 
4.221097905388733 	 1.173675436871166e-38 
4.249406993733189 	 1.1601228929910925e-38 
4.277905938958685 	 1.1468791479301195e-38 
4.306596014353678 	 1.1339371656135785e-38 
4.335478501746016 	 1.1212900702858958e-38 
4.364554691560217 	 1.1089311428576707e-38 
4.393825882875122 	 1.0968538173359918e-38 
4.423293383481936 	 1.0850516773360855e-38 
4.452958509942654 	 1.0735184526724488e-38 
4.48282258764889 	 1.0622480160276566e-38 
4.512886950881086 	 1.0512343796970675e-38 
4.543152942868131 	 1.0404716924077049e-38 
4.573621915847372 	 1.0299542362096198e-38 
4.604295231125032 	 1.0196764234380857e-38 
4.635174259137026 	 1.0096327937450102e-38 
4.666260379510196 	 9.998180111979863e-39 
4.697554981123947 	 9.902268614454451e-39 
4.7290594621723026 	 9.80854248946397e-39 
4.760775230226368 	 9.716951942632981e-39 
4.792703702297229 	 9.627448314165986e-39 
4.824846304899247 	 9.539984052995665e-39 
4.857204474113811 	 9.454512691520181e-39 
4.8897796556534825 	 9.370988820916077e-39 
4.9225733049266 	 9.289368067013718e-39 
4.9555868871022986 	 9.20960706672235e-39 
4.9888218771759725 	 9.131663444992391e-39 
5.0222797600351745 	 9.055495792302603e-39 
5.055962030525963 	 8.981063642660238e-39 
5.089870193519681 	 8.90832745210246e-39 
5.124005763980202 	 8.837248577687607e-39 
5.158370267031606 	 8.767789256965136e-39 
5.192965238026329 	 8.699912587913409e-39 
5.227792222613749 	 8.633582509334517e-39 
5.262852776809256 	 8.56876378169588e-39 
5.298148467063764 	 8.50542196840834e-39 
5.333680870333697 	 8.443523417530865e-39 
5.3694515741514515 	 8.383035243892092e-39 
5.405462176696317 	 8.323925311619252e-39 
5.44171428686589 	 8.26616221706518e-39 
5.478209524347944 	 8.209715272124325e-39 
5.514949519692809 	 8.154554487928922e-39 
5.551935914386208 	 8.100650558916638e-39 
5.589170360922609 	 8.04797484726127e-39 
5.626654522879044 	 7.996499367658155e-39 
5.664390074989448 	 7.946196772456277e-39 
5.702378703219466 	 7.897040337129143e-39 
5.740622104841801 	 7.849003946076684e-39 
5.779121988512025 	 7.8020620787507e-39 
5.8178800743449335 	 7.756189796096411e-39 
5.856898093991389 	 7.71136272730296e-39 
5.8961777907156945 	 7.667557056855799e-39 
5.935720919473473 	 7.624749511884096e-39 
5.975529246990087 	 7.582917349796435e-39 
6.015604551839556 	 7.542038346198232e-39 
6.055948624524041 	 7.502090783084475e-39 
6.096563267553823 	 7.463053437301469e-39 
6.137450295527851 	 7.42490556927152e-39 
6.178611535214802 	 7.387626911974482e-39 
6.220048825634712 	 7.351197660180411e-39 
6.261764018141125 	 7.315598459927533e-39 
6.303758976503826 	 7.280810398239948e-39 
6.3460355769920955 	 7.246814993079652e-39 
6.388595708458551 	 7.213594183527475e-39 
6.431441272423525 	 7.181130320187761e-39 
6.474574183160038 	 7.149406155811683e-39 
6.517996367779307 	 7.118404836134204e-39 
6.561709766316862 	 7.088109890919828e-39 
6.605716331819214 	 7.058505225212361e-39 
6.65001803043112 	 7.029575110784064e-39 
6.694616841483419 	 7.001304177779634e-39 
6.7395147575814764 	 6.973677406550579e-39 
6.784713784694199 	 6.946680119675644e-39 
6.830215942243672 	 6.920297974163076e-39 
6.876023263195369 	 6.894516953830524e-39 
6.922137794148992 	 6.869323361858608e-39 
6.968561595429906 	 6.84470381351412e-39 
7.015296741181192 	 6.820645229039058e-39 
7.0623453194563215 	 6.797134826701673e-39 
7.1097094323124335 	 6.774160116005842e-39 
7.157391195904268 	 6.751708891055183e-39 
7.2053927405787 	 6.72976922406836e-39 
7.253716210969931 	 6.708329459042154e-39 
7.302363766095292 	 6.687378205558908e-39 
7.351337579451725 	 6.666904332735081e-39 
7.400639839112873 	 6.64689696330769e-39 
7.450272747826855 	 6.627345467855482e-39 
7.500238523114667 	 6.608239459151793e-39 
7.550539397369272 	 6.589568786646063e-39 
7.601177617955327 	 6.571323531071104e-39 
7.6521554473096005 	 6.55349399917323e-39 
7.703475163042048 	 6.536070718562487e-39 
7.7551390580375825 	 6.519044432680193e-39 
7.8071494405585 	 6.502406095881158e-39 
7.859508634347628 	 6.486146868627961e-39 
7.912218978732131 	 6.47025811279472e-39 
7.965282828728042 	 6.454731387077868e-39 
8.018702555145465 	 6.439558442511499e-39 
8.072480544694516 	 6.424731218084891e-39 
8.126619200091943 	 6.4102418364599e-39 
8.181120940168489 	 6.396082599785916e-39 
8.235988199976944 	 6.382245985610185e-39 
8.291223430900962 	 6.36872464288132e-39 
8.346829100764563 	 6.355511388043872e-39 
8.402807693942409 	 6.342599201221874e-39 
8.459161711470784 	 6.329981222489361e-39 
8.515893671159363 	 6.317650748225861e-39 
8.573006107703671 	 6.305601227554928e-39 
8.630501572798359 	 6.293826258863818e-39 
8.688382635251184 	 6.282319586402474e-39 
8.746651881097806 	 6.271075096959996e-39 
8.805311913717299 	 6.260086816616855e-39 
8.864365353948497 	 6.249348907571083e-39 
8.923814840207056 	 6.2388556650368e-39 
8.983663028603369 	 6.228601514213402e-39 
9.043912593061199 	 6.218581007323801e-39 
9.104566225437187 	 6.208788820720172e-39 
9.16562663564108 	 6.199219752055604e-39 
9.227096551756839 	 6.189868717520252e-39 
9.2889787201645 	 6.180730749140405e-39 
9.351275905662895 	 6.17180099213915e-39 
9.413990891593174 	 6.163074702357128e-39 
9.47712647996315 	 6.154547243732096e-39 
9.54068549157251 	 6.146214085835888e-39 
9.604670766138822 	 6.138070801467522e-39 
9.669085162424421 	 6.130113064301126e-39 
9.733931558364132 	 6.122336646587481e-39 
9.799212851193854 	 6.114737416907906e-39 
9.864931957579994 	 6.107311337979358e-39 
9.931091813749795 	 6.100054464509502e-39 
9.997695375622506 	 6.092962941100688e-39 
10.064745618941464 	 6.08603300020167e-39 
10.13224553940702 	 6.079260960105998e-39 
10.200198152810417 	 6.072643222996021e-39 
10.268606495168507 	 6.066176273031449e-39 
10.337473622859402 	 6.059856674481484e-39 
10.40680261275902 	 6.053681069899492e-39 
10.47659656237857 	 6.047646178339278e-39 
10.546858590002936 	 6.041748793611999e-39 
10.617591834830002 	 6.035985782582803e-39 
10.688799457110886 	 6.030354083506258e-39 
10.76048463829117 	 6.024850704399729e-39 
10.83265058115301 	 6.019472721453818e-39 
10.905300509958261 	 6.014217277479007e-39 
10.97843767059249 	 6.009081580387705e-39 
11.052065330710045 	 6.004062901710886e-39 
11.126186779880017 	 5.999158575148513e-39 
11.20080532973323 	 5.994365995153011e-39 
11.275924314110174 	 5.98968261554499e-39 
11.35154708920999 	 5.985105948160531e-39 
11.4276770337404 	 5.98063356152928e-39 
11.504317549068668 	 5.976263079582681e-39 
11.581472059373551 	 5.971992180391609e-39 
11.659144011798316 	 5.967818594932806e-39 
11.737336876604733 	 5.963740105883393e-39 
11.81605414732813 	 5.959754546442865e-39 
11.895299340933454 	 5.955859799181922e-39 
11.975075997972448 	 5.952053794917536e-39 
12.055387682741799 	 5.948334511613636e-39 
12.136237983442411 	 5.944699973306862e-39 
12.217630512339689 	 5.94114824905677e-39 
12.299568905924962 	 5.937677451919991e-39 
12.382056825077944 	 5.934285737947716e-39 
12.46509795523029 	 5.930971305206085e-39 
12.548696006530268 	 5.927732392818834e-39 
12.632854714008493 	 5.924567280031806e-39 
12.717577837744846 	 5.921474285298746e-39 
12.80286916303645 	 5.918451765387943e-39 
12.88873250056676 	 5.915498114509212e-39 
12.975171686575875 	 5.912611763460789e-39 
13.062190583031892 	 5.90979117879565e-39 
13.149793077803478 	 5.907034862006821e-39 
13.237983084833544 	 5.904341348731264e-39 
13.32676454431415 	 5.901709207971899e-39 
13.416141422862523 	 5.899137041337346e-39 
13.506117713698297 	 5.896623482299002e-39 
13.596697436821886 	 5.894167195465022e-39 
13.687884639194145 	 5.891766875870874e-39 
13.779683394917143 	 5.889421248286044e-39 
13.87209780541621 	 5.887129066536523e-39 
13.965131999623146 	 5.88488911284276e-39 
14.05879013416075 	 5.882700197172675e-39 
14.153076393528487 	 5.880561156609434e-39 
14.247994990289472 	 5.878470854733618e-39 
14.343550165258648 	 5.876428181019458e-39 
14.439746187692299 	 5.874432050244862e-39 
14.536587355478769 	 5.872481401914848e-39 
14.6340779953305 	 5.870575199698133e-39 
14.73222246297731 	 5.868712430876558e-39 
14.831025143361044 	 5.866892105807052e-39 
14.930490450831462 	 5.8651132573958635e-39 
15.030622829343473 	 5.863374940584762e-39 
15.131426752655662 	 5.861676231848961e-39 
15.23290672453021 	 5.8600162287064596e-39 
15.335067278934085 	 5.8583940492385876e-39 
15.437912980241633 	 5.856808831621456e-39 
15.541448423438467 	 5.8552597336680946e-39 
15.64567823432682 	 5.8537459323810206e-39 
15.750607069732183 	 5.852266623514995e-39 
15.85623961771138 	 5.8508210211497524e-39 
15.96258059776199 	 5.84940835727246e-39 
16.069634761033264 	 5.8480278813696866e-39 
16.177406890538347 	 5.8466788600286804e-39 
16.28590180136802 	 5.845360576547719e-39 
16.395124340905767 	 5.844072330555348e-39 
16.505079389044425 	 5.842813437638288e-39 
16.61577185840416 	 5.841583228977822e-39 
16.727206694551967 	 5.840381050994471e-39 
16.83938887622265 	 5.8392062650007636e-39 
16.952323415541205 	 5.8380582468619154e-39 
17.066015358246833 	 5.8369363866642404e-39 
17.18046978391833 	 5.835840088391125e-39 
17.295691806201038 	 5.8347687696063714e-39 
17.411686573035308 	 5.8337218611447673e-39 
17.528459266886532 	 5.832698806809703e-39 
17.64601510497666 	 5.831699063077675e-39 
17.764359339517313 	 5.830722098809533e-39 
17.883497257944416 	 5.829767394968288e-39 
18.003434183154475 	 5.828834444343365e-39 
18.124175473742365 	 5.8279227512811415e-39 
18.245726524240766 	 5.827031831421608e-39 
18.368092765361133 	 5.8261612114410486e-39 
18.491279664236405 	 5.825310428800567e-39 
18.615292724665206 	 5.82447903150036e-39 
18.7401374873578 	 5.8236665778395747e-39 
18.86581953018357 	 5.822872636181645e-39 
18.992344468420296 	 5.8220967847249776e-39 
19.11971795500501 	 5.821338611278854e-39 
19.247945680786575 	 5.8205977130444486e-39 
19.377033374779888 	 5.819873696400827e-39 
19.506986804421924 	 5.8191661766958264e-39 
19.63781177582936 	 5.818474778041703e-39 
19.76951413405802 	 5.8177991331154266e-39 
19.902099763363967 	 5.8171388829635317e-39 
20.03557458746647 	 5.816493676811425e-39 
20.169944569812625 	 5.815863171877007e-39 
20.30521571384382 	 5.8152470331885817e-39 
20.4413940632639 	 5.814644933406878e-39 
20.578485702309273 	 5.814056552651153e-39 
20.71649675602069 	 5.8134815783292433e-39 
20.855433390516925 	 5.8129197049714915e-39 
20.995301813270235 	 5.8123706340684594e-39 
21.136108273383744 	 5.811834073912335e-39 
21.277859061870622 	 5.8113097394419606e-39 
21.420560511935165 	 5.8107973520913825e-39 
21.56421899925572 	 5.8102966396418536e-39 
21.708840942269582 	 5.809807336077217e-39 
21.854432802459762 	 5.8093291814425754e-39 
22.001001084643633 	 5.8088619217061736e-39 
22.148552337263602 	 5.8084053086244627e-39 
22.297093152679636 	 5.807959099610182e-39 
22.44663016746385 	 5.8075230576035056e-39 
22.597170062696982 	 5.807096950946085e-39 
22.748719564266924 	 5.806680553257975e-39 
22.901285443169165 	 5.8062736433173694e-39 
23.054874515809384 	 5.805876004943065e-39 
23.209493644307955 	 5.805487426879613e-39 
23.365149736806547 	 5.805107702685089e-39 
23.521849747776734 	 5.804736630621403e-39 
23.679600678330775 	 5.8043740135471325e-39 
23.83840957653436 	 5.8040196588127826e-39 
23.998283537721548 	 5.803673378158434e-39 
24.159229704811708 	 5.8033349876137277e-39 
24.321255268628732 	 5.803004307400124e-39 
24.484367468222267 	 5.8026811618353924e-39 
24.648573591191166 	 5.802365379240275e-39 
24.813880974009038 	 5.802056791847277e-39 
24.980297002352092 	 5.8017552357115407e-39 
25.147829111429093 	 5.801460550623736e-39 
25.316484786313556 	 5.801172580024955e-39 
25.48627156227813 	 5.80089117092353e-39 
25.657197025131335 	 5.800616173813756e-39 
25.82926881155644 	 5.800347442596459e-39 
26.002494609452665 	 5.800084834501383e-39 
26.176882158278637 	 5.7998282100113286e-39 
26.352439249398234 	 5.799577432788044e-39 
26.529173726428652 	 5.7993323695997874e-39 
26.707093485590864 	 5.7990928902505335e-39 
26.88620647606237 	 5.798858867510822e-39 
27.06652070033241 	 5.79863017705015e-39 
27.248044214559485 	 5.798406697370925e-39 
27.43078512893128 	 5.79818830974391e-39 
27.614751608026992 	 5.797974898145155e-39 
27.799951871182174 	 5.797766349194345e-39 
27.986394192855922 	 5.797562552094577e-39 
28.174086903000575 	 5.797363398573484e-39 
28.363038387433843 	 5.797168782825717e-39 
28.553257088213552 	 5.796978601456738e-39 
28.744751504014765 	 5.796792753427879e-39 
28.937530190509516 	 5.796611140002677e-39 
29.131601760749014 	 5.796433664694401e-39 
29.32697488554853 	 5.7962602332148046e-39 
29.52365829387476 	 5.7960907534240254e-39 
29.721660773235826 	 5.7959251352816335e-39 
29.920991170073897 	 5.7957632907988066e-39 
30.12165839016038 	 5.795605133991563e-39 
30.323671398993916 	 5.795450580835096e-39 
30.527039222200862 	 5.7952995492191355e-39 
30.731770945938592 	 5.7951519589043094e-39 
30.937875717301385 	 5.7950077314795326e-39 
31.145362744729184 	 5.7948667903203336e-39 
31.354241298418973 	 5.794729060548155e-39 
31.564520710738975 	 5.794594468990572e-39 
31.77621037664554 	 5.7944629441424143e-39 
31.989319754103008 	 5.794334416127777e-39 
32.20385836450619 	 5.794208816662901e-39 
32.419835793105825 	 5.7940860790198916e-39 
32.63726168943674 	 5.793966137991271e-39 
32.85614576774912 	 5.793848929855333e-39 
33.07649780744241 	 5.79373439234229e-39 
33.2983276535023 	 5.7936224646011895e-39 
33.52164521694051 	 5.7935130871675885e-39 
33.746460475237726 	 5.793406201931954e-39 
33.972783472789274 	 5.793301752108804e-39 
34.20062432135393 	 5.7931996822065244e-39 
34.42999320050565 	 5.7930999379978994e-39 
34.660900358088455 	 5.793002466491293e-39 
34.89335611067425 	 5.7929072159025006e-39 
35.12737084402374 	 5.792814135627238e-39 
35.362955013550426 	 5.792723176214253e-39 
35.60011914478783 	 5.792634289339057e-39 
35.83887383385967 	 5.7925474277782464e-39 
36.079229747953335 	 5.792462545384422e-39 
36.32119762579639 	 5.7923795970616593e-39 
36.564788278136476 	 5.7922985387415674e-39 
36.810012588224275 	 5.792219327359862e-39 
37.05688151229975 	 5.7921419208334935e-39 
37.30540608008162 	 5.7920662780382835e-39 
37.5555973952602 	 5.7919923587870855e-39 
37.80746663599349 	 5.791920123808423e-39 
38.06102505540662 	 5.79184953472564e-39 
38.31628398209449 	 5.7917805540364984e-39 
38.57325482062812 	 5.791713145093262e-39 
38.83194905206404 	 5.7916472720832246e-39 
39.09237823445728 	 5.791582900009681e-39 
39.354554003377814 	 5.79151999467334e-39 
39.6184880724303 	 5.79145852265415e-39 
39.8841922337776 	 5.791398451293544e-39 
40.15167835866747 	 5.7913397486770946e-39 
40.420958397963076 	 5.791282383617548e-39 
40.692044382676826 	 5.791226325638266e-39 
40.96494842450799 	 5.7911715449570294e-39 
41.23968271638378 	 5.7911180124702154e-39 
41.51625953300418 	 5.7910656997373354e-39 
41.79469123139021 	 5.7910145789659264e-39 
42.07499025143619 	 5.790964622996784e-39 
42.35716911646544 	 5.790915805289536e-39 
42.64124043378985 	 5.7908680999085425e-39 
42.927216895273055 	 5.79082148150911e-39 
43.21511127789764 	 5.790775925324036e-39 
43.50493644433588 	 5.7907314071504425e-39 
43.7967053435245 	 5.790687903336925e-39 
44.09043101124309 	 5.790645390770982e-39 
44.38612657069669 	 5.790603846866736e-39 
44.683805233102 	 5.790563249552936e-39 
44.98348029827769 	 5.790523577261236e-39 
45.28516515523854 	 5.7904848089147214e-39 
45.58887328279375 	 5.79044692391673e-39 
45.89461825014908 	 5.7904099021399e-39 
46.20241371751313 	 5.790373723915473e-39 
46.512273436707595 	 5.790338370022852e-39 
46.82421125178177 	 5.7903038216793874e-39 
47.13824109963103 	 5.790270060530399e-39 
47.45437701061953 	 5.79023706863942e-39 
47.77263310920698 	 5.790204828478674e-39 
48.09302361457981 	 5.790173322919761e-39 
48.41556284128644 	 5.790142535224554e-39 
48.740265199876795 	 5.790112449036313e-39 
49.06714519754611 	 5.790083048370987e-39 
49.396217438783204 	 5.79005431760873e-39 
49.727496626022905 	 5.790026241485597e-39 
50.06099756030296 	 5.7899988050854377e-39 
50.39673514192524 	 5.78997199383197e-39 
50.73472437112162 	 5.789945793481037e-39 
51.07498034872405 	 5.789920190113039e-39 
51.41751827683925 	 5.7898951701255406e-39 
51.76235345952798 	 5.789870720226038e-39 
52.109501303488656 	 5.789846827424905e-39 
52.45897731874588 	 5.789823479028486e-39 
52.810797119343306 	 5.7898006626323546e-39 
53.16497642404128 	 5.789778366114724e-39 
53.52153105701902 	 5.7897565776300016e-39 
53.88047694858181 	 5.789735285602508e-39 
54.241830135872604 	 5.7897144787203125e-39 
54.605606763588604 	 5.789694145929233e-39 
54.97182308470248 	 5.789674276426959e-39 
55.34049546118866 	 5.7896548596573164e-39 
55.7116403647543 	 5.7896358853046533e-39 
56.08527437757523 	 5.789617343288365e-39 
56.461414193036696 	 5.789599223757538e-39 
56.840076616479415 	 5.7895815170857097e-39 
57.22127856595025 	 5.7895642138657655e-39 
57.60503707295816 	 5.789547304904932e-39 
57.99136928323504 	 5.7895307812198937e-39 
58.38029245750189 	 5.7895146340320265e-39 
58.77182397223994 	 5.7894988547627274e-39 
59.16598132046703 	 5.789483435028862e-39 
59.56278211251906 	 5.7894683666383035e-39 
59.96224407683696 	 5.789453641585593e-39 
60.36438506075867 	 5.789439252047668e-39 
60.76922303131657 	 5.789425190379725e-39 
61.17677607604011 	 5.7894114491111486e-39 
61.587062403764136 	 5.78939802094154e-39 
62.00010034544224 	 5.789384898736845e-39 
62.41590835496592 	 5.789372075525561e-39 
62.83450500998887 	 5.7893595444950313e-39 
63.255909012757186 	 5.7893472989878285e-39 
63.68013919094491 	 5.789335332498219e-39 
64.10721449849518 	 5.789323638668702e-39 
64.53715401646701 	 5.789312211286633e-39 
64.96997695388798 	 5.789301044280929e-39 
65.40570264861226 	 5.789290131718832e-39 
65.84435056818481 	 5.78927946780277e-39 
66.28594031071087 	 5.789269046867266e-39 
66.7304916057319 	 5.789258863375937e-39 
67.17802431510684 	 5.7892489119185436e-39 
67.62855843389961 	 5.789239187208121e-39 
68.08211409127237 	 5.7892296840781726e-39 
68.53871155138495 	 5.7892203974799206e-39 
68.99837121430018 	 5.7892113224796226e-39 
69.46111361689536 	 5.789202454255958e-39 
69.92695943377979 	 5.789193788097456e-39 
70.3959294782184 	 5.789185319400002e-39 
70.86804470306186 	 5.789177043664385e-39 
71.34332620168252 	 5.7891689564939126e-39 
71.82179520891697 	 5.789161053592069e-39 
72.3034731020146 	 5.78915333076024e-39 
72.78838140159296 	 5.7891457838954736e-39 
73.27654177259903 	 5.789138408988307e-39 
73.76797602527735 	 5.789131202120637e-39 
74.26270611614426 	 5.7891241594636294e-39 
74.76075414896916 	 5.789117277275695e-39 
75.26214237576184 	 5.789110551900499e-39 
75.76689319776682 	 5.789103979765016e-39 
76.27502916646401 	 5.7890975573776325e-39 
76.78657298457651 	 5.789091281326289e-39 
77.30154750708478 	 5.789085148276679e-39 
77.81997574224785 	 5.7890791549704614e-39 
78.34188085263114 	 5.7890732982235426e-39 
78.86728615614152 	 5.789067574924377e-39 
79.39621512706903 	 5.789061982032317e-39 
79.9286913971357 	 5.7890565165759976e-39 
80.46473875655124 	 5.7890511756517576e-39 
81.00438115507619 	 5.7890459564220935e-39 
81.54764270309178 	 5.789040856114159e-39 
82.09454767267727 	 5.7890358720182875e-39 
82.64512049869414 	 5.7890310014865495e-39 
83.19938577987816 	 5.789026241931354e-39 
83.75736827993816 	 5.789021590824064e-39 
84.3190929286626 	 5.789017045693666e-39 
84.88458482303312 	 5.7890126041254394e-39 
85.4538692283462 	 5.7890082637596904e-39 
86.02697157934175 	 5.789004022290491e-39 
86.60391748133956 	 5.7889998774644535e-39 
87.18473271138319 	 5.788995827079532e-39 
87.76944321939185 	 5.788991868983859e-39 
88.35807512931967 	 5.788988001074595e-39 
88.95065474032295 	 5.788984221296816e-39 
89.54720852793497 	 5.788980527642419e-39 
90.14776314524917 	 5.788976918149055e-39 
90.7523454241098 	 5.7889733908990935e-39 
91.36098237631073 	 5.7889699440185904e-39 
91.97370119480236 	 5.788966575676304e-39 
92.59052925490637 	 5.7889632840827166e-39 
93.21149411553913 	 5.788960067489087e-39 
93.83662352044269 	 5.788956924186518e-39 
94.46594539942456 	 5.788953852505051e-39 
95.09948786960528 	 5.7889508508127775e-39 
95.737279236675 	 5.788947917514971e-39 
96.37934799615786 	 5.788945051053244e-39 
97.02572283468533 	 5.788942249904716e-39 
97.6764326312776 	 5.7889395125812065e-39 
98.33150645863421 	 5.7889368376284424e-39 
98.9909735844327 	 5.7889342236252866e-39 
99.6548634726364 	 5.7889316691829874e-39 
100.32320578481064 	 5.788929172944429e-39 
100.99603038144825 	 5.788926733583421e-39 
101.6733673233035 	 5.7889243498039935e-39 
102.35524687273518 	 5.788922020339702e-39 
103.04169949505875 	 5.788919743952962e-39 
103.73275585990741 	 5.788917519434383e-39 
104.42844684260244 	 5.788915345602134e-39 
105.12880352553267 	 5.788913221301311e-39 
105.83385719954286 	 5.7889111454033265e-39 
106.54363936533231 	 5.7889091168053064e-39 
107.25818173486189 	 5.7889071344295076e-39 
107.97751623277094 	 5.788905197222741e-39 
108.70167499780358 	 5.788903304155817e-39 
109.43069038424474 	 5.7889014542229974e-39 
110.16459496336557 	 5.788899646441459e-39 
110.90342152487888 	 5.7888978798507706e-39 
111.6472030784036 	 5.788896153512385e-39 
112.39597285494037 	 5.7888944665091415e-39 
113.14976430835569 	 5.788892817944779e-39 
113.9086111168768 	 5.788891206943457e-39 
114.6725471845963 	 5.788889632649287e-39 
115.44160664298698 	 5.7888880942258855e-39 
116.21582385242672 	 5.78888659085593e-39 
116.99523340373382 	 5.788885121740711e-39 
117.77987011971193 	 5.78888368609973e-39 
118.56976905670665 	 5.788882283170264e-39 
119.3649655061713 	 5.78888091220697e-39 
120.1654949962438 	 5.7888795724814903e-39 
120.97139329333396 	 5.788878263282063e-39 
121.78269640372162 	 5.7888769839131394e-39 
122.59944057516515 	 5.788875733695026e-39 
123.42166229852111 	 5.788874511963511e-39 
124.24939830937466 	 5.788873318069516e-39 
125.08268558968032 	 5.788872151378759e-39 
125.92156136941509 	 5.788871011271406e-39 
126.76606312824129 	 5.7888698971417425e-39 
127.61622859718118 	 5.7888688083978626e-39 
128.47209576030278 	 5.788867744461342e-39 
129.33370285641706 	 5.7888667047669364e-39 
130.20108838078588 	 5.788865688762283e-39 
131.07429108684258 	 5.788864695907604e-39 
131.95334998792305 	 5.7888637256754185e-39 
132.83830435900882 	 5.788862777550269e-39 
133.72919373848183 	 5.788861851028437e-39 
134.62605792989098 	 5.788860945617687e-39 
135.52893700373036 	 5.788860060836994e-39 
136.43787129922993 	 5.7888591962162985e-39 
137.3529014261569 	 5.788858351296246e-39 
138.27406826663133 	 5.788857525627955e-39 
139.20141297695181 	 5.788856718772764e-39 
140.1349769894346 	 5.7888559303020145e-39 
141.0748020142646 	 5.78885515979681e-39 
142.0209300413591 	 5.788854406847799e-39 
142.9734033422436 	 5.78885367105496e-39 
143.93226447194078 	 5.7888529520273845e-39 
144.89755627087106 	 5.7888522493830686e-39 
145.86932186676756 	 5.788851562748717e-39 
146.84760467660246 	 5.788850891759538e-39 
147.8324484085269 	 5.788850236059051e-39 
148.8238970638237 	 5.788849595298896e-39 
149.8219949388735 	 5.788848969138656e-39 
150.82678662713366 	 5.7888483572456685e-39 
151.83831702113076 	 5.788847759294847e-39 
152.85663131446591 	 5.788847174968517e-39 
153.88177500383463 	 5.788846603956238e-39 
154.91379389105913 	 5.788846045954647e-39 
155.9527340851347 	 5.788845500667293e-39 
156.99864200428982 	 5.788844967804476e-39 
158.0515643780601 	 5.7888444470830996e-39 
159.11154824937606 	 5.788843938226517e-39 
160.17864097666506 	 5.788843440964387e-39 
161.25289023596656 	 5.788842955032523e-39 
162.33434402306324 	 5.7888424801727657e-39 
163.42305065562465 	 5.788842016132833e-39 
164.51905877536623 	 5.788841562666188e-39 
165.62241735022246 	 5.7888411195319185e-39 
166.73317567653464 	 5.7888406864945965e-39 
167.8513833812535 	 5.788840263324165e-39 
168.9770904241564 	 5.7888398497957965e-39 
170.1103471000795 	 5.788839445689799e-39 
171.25120404116447 	 5.788839050791479e-39 
172.39971221912128 	 5.7888386648910365e-39 
173.55592294750525 	 5.7888382877834525e-39 
174.71988788400955 	 5.788837919268379e-39 
175.89165903277325 	 5.788837559150033e-39 
177.07128874670494 	 5.7888372072370934e-39 
178.25882972982154 	 5.788836863342596e-39 
179.4543350396034 	 5.78883652728384e-39 
180.65785808936394 	 5.7888361988822834e-39 
181.86945265063736 	 5.788835877963456e-39 
183.08917285558016 	 5.7888355643568606e-39 
184.31707319938994 	 5.7888352578958886e-39 
185.55320854274018 	 5.78883495841772e-39 
186.7976341142313 	 5.7888346657632534e-39 
188.05040551285816 	 5.788834379777009e-39 
189.3115787104944 	 5.788834100307047e-39 
190.5812100543923 	 5.7888338272048924e-39 
191.85935626970164 	 5.788833560325453e-39 
193.146074462003 	 5.7888332995269427e-39 
194.44142211985977 	 5.7888330446708053e-39 
195.7454571173862 	 5.788832795621642e-39 
197.0582377168334 	 5.78883255224714e-39 
198.3798225711924 	 5.788832314417999e-39 
199.71027072681474 	 5.788832082007868e-39 
201.04964162604992 	 5.788831854893272e-39 
202.39799510990224 	 5.7888316329535505e-39 
203.75539142070372 	 5.7888314160707935e-39 
205.1218912048058 	 5.788831204129775e-39 
206.49755551528892 	 5.7888309970178965e-39 
207.88244581469024 	 5.788830794625126e-39 
209.27662397774975 	 5.788830596843937e-39 
210.68015229417492 	 5.788830403569249e-39 
212.09309347142286 	 5.788830214698386e-39 
213.51551063750327 	 5.788830030131002e-39 
214.94746734379805 	 5.788829849769043e-39 
216.38902756790088 	 5.788829673516684e-39 
217.84025571647567 	 5.7888295012802896e-39 
219.30121662813409 	 5.788829332968354e-39 
220.7719755763325 	 5.788829168491455e-39 
222.25259827228828 	 5.788829007762214e-39 
223.74315086791592 	 5.788828850695237e-39 
225.24369995878163 	 5.788828697207078e-39 
226.7543125870802 	 5.7888285472161934e-39 
228.27505624462927 	 5.788828400642896e-39 
229.8059988758851 	 5.7888282574093156e-39 
231.34720888097826 	 5.7888281174393586e-39 
232.89875511876951 	 5.788827980658656e-39 
234.46070690992642 	 5.788827846994544e-39 
236.03313404002066 	 5.788827716376011e-39 
237.61610676264505 	 5.7888275887336584e-39 
239.2096958025537 	 5.7888274639996765e-39 
240.81397235882108 	 5.788827342107797e-39 
242.4290081080231 	 5.78882722299326e-39 
244.05487520743984 	 5.788827106592785e-39 
245.691646298279 	 5.788826992844528e-39 
247.3393945089218 	 5.788826881688061e-39 
248.9981934581902 	 5.788826773064327e-39 
250.66811725863522 	 5.788826666915618e-39 
252.34924051984967 	 5.78882656318554e-39 
254.04163835180054 	 5.788826461818982e-39 
255.74538636818508 	 5.7888263627620924e-39 
257.46056068980903 	 5.788826265962246e-39 
259.18723794798774 	 5.788826171368012e-39 
260.9254952879697 	 5.788826078929136e-39 
262.67541037238385 	 5.788825988596508e-39 
264.437061384708 	 5.788825900322136e-39 
266.2105270327639 	 5.7888258140591216e-39 
267.9958865522323 	 5.788825729761638e-39 
269.7932197101939 	 5.788825647384897e-39 
271.60260680869266 	 5.7888255668851346e-39 
273.42412868832395 	 5.788825488219585e-39 
275.2578667318461 	 5.788825411346451e-39 
277.10390286781706 	 5.788825336224897e-39 
278.9623195742534 	 5.788825262815011e-39 
280.8331998823173 	 5.78882519107779e-39 
282.71662738002465 	 5.788825120975124e-39 
284.61268621598055 	 5.7888250524697676e-39 
286.52146110313834 	 5.788824985525327e-39 
288.4430373225849 	 5.788824920106237e-39 
290.3775007273506 	 5.788824856177739e-39 
292.32493774624515 	 5.788824793705873e-39 
294.2854353877195 	 5.788824732657446e-39 
296.2590812437517 	 5.788824673000026e-39 
298.2459634937629 	 5.7888246147019196e-39 
300.2461709085549 	 5.7888245577321506e-39 
302.25979285427746 	 5.7888245020604584e-39 
304.28691929642054 	 5.7888244476572594e-39 
306.32764080383384 	 5.7888243944936554e-39 
308.38204855277354 	 5.788824342541399e-39 
310.45023433097606 	 5.788824291772892e-39 
312.53229054175773 	 5.788824242161161e-39 
314.628310208145 	 5.7888241936798476e-39 
316.73838697702973 	 5.7888241463031956e-39 
318.8626151233529 	 5.7888241000060364e-39 
321.00108955431716 	 5.78882405476377e-39 
323.1539058136269 	 5.788824010552362e-39 
325.321160085757 	 5.788823967348326e-39 
327.5029492002507 	 5.7888239251287066e-39 
329.6993706360443 	 5.788823883871075e-39 
331.91052252582426 	 5.7888238435535094e-39 
334.13650366041065 	 5.7888238041545915e-39 
336.37741349317093 	 5.78882376565339e-39 
338.63335214446363 	 5.788823728029452e-39 
340.90442040611134 	 5.788823691262786e-39 
343.1907197459043 	 5.788823655333858e-39 
345.49235231213356 	 5.788823620223582e-39 
347.8094209381541 	 5.788823585913305e-39 
350.142029146981 	 5.7888235523847986e-39 
352.49028115591307 	 5.78882351962025e-39 
354.85428188119005 	 5.788823487602249e-39 
357.23413694267964 	 5.7888234563137895e-39 
359.62995266859645 	 5.788823425738247e-39 
362.04183610025297 	 5.788823395859378e-39 
364.4698949968419 	 5.788823366661307e-39 
366.91423784024937 	 5.7888233381285236e-39 
369.3749738399042 	 5.788823310245868e-39 
371.8522129376553 	 5.788823282998525e-39 
374.34606581268434 	 5.788823256372025e-39 
376.8566438864507 	 5.7888232303522146e-39 
379.3840593276695 	 5.788823204925275e-39 
381.9284250573233 	 5.788823180077696e-39 
384.48985475370705 	 5.788823155796277e-39 
387.0684628575075 	 5.788823132068115e-39 
389.6643645769148 	 5.7888231088806076e-39 
392.2776758927719 	 5.788823086221437e-39 
394.90851356375526 	 5.78882306407856e-39 
397.5569951315913 	 5.788823042440216e-39 
400.22323892630834 	 5.788823021294908e-39 
402.9073640715234 	 5.7888230006314026e-39 
405.60949048976414 	 5.7888229804387194e-39 
408.3297389078278 	 5.788822960706136e-39 
411.06823086217275 	 5.7888229414231625e-39 
413.8250887043516 	 5.788822922579559e-39 
416.6004356064756 	 5.7888229041653144e-39 
419.39439556671863 	 5.788822886170641e-39 
422.20709341485673 	 5.788822868585982e-39 
425.03865481784567 	 5.7888228514019955e-39 
427.8892062854355 	 5.7888228346095505e-39 
430.75887517582316 	 5.788822818199728e-39 
433.64778970134086 	 5.788822802163807e-39 
436.5560789341872 	 5.788822786493271e-39 
439.4838728121921 	 5.78882277117979e-39 
442.4313021446224 	 5.7888227562152337e-39 
445.39849861802674 	 5.788822741591649e-39 
448.38559480211865 	 5.7888227273012663e-39 
451.3927241556996 	 5.788822713336497e-39 
454.42002103262257 	 5.7888226996899155e-39 
457.4676206877925 	 5.788822686354277e-39 
460.5356592832121 	 5.788822673322494e-39 
463.624273894064 	 5.7888226605876464e-39 
466.7336025148347 	 5.788822648142964e-39 
469.8637840654805 	 5.788822635981839e-39 
473.0149583976343 	 5.788822624097807e-39 
476.1872663008535 	 5.7888226124845584e-39 
479.3808495089112 	 5.7888226011359204e-39 
482.5958507061263 	 5.788822590045865e-39 
485.83241353374177 	 5.788822579208499e-39 
489.0906825963399 	 5.788822568618066e-39 
492.3708034683039 	 5.7888225582689396e-39 
495.67292270032164 	 5.788822548155621e-39 
498.99718782593345 	 5.788822538272736e-39 
502.34374736812384 	 5.788822528615037e-39 
505.7127508459568 	 5.788822519177392e-39 
509.1043487812572 	 5.788822509954786e-39 
512.5186927053333 	 5.7888225009423186e-39 
515.9559351657502 	 5.788822492135206e-39 
519.4162297331437 	 5.7888224835287645e-39 
522.8997310080814 	 5.788822475118422e-39 
526.4065946279708 	 5.788822466899713e-39 
529.9369772740123 	 5.7888224588682706e-39 
533.4910366781997 	 5.788822451019826e-39 
537.0689316303683 	 5.78882244335021e-39 
540.6708219852866 	 5.78882243585535e-39 
544.296868669802 	 5.788822428531262e-39 
547.9472336900287 	 5.788822421374055e-39 
551.6220801385859 	 5.7888224143799284e-39 
555.3215722018851 	 5.7888224075451646e-39 
559.0458751674655 	 5.788822400866132e-39 
562.7951554313785 	 5.788822394339285e-39 
566.5695805056229 	 5.788822387961152e-39 
570.3693190256269 	 5.788822381728348e-39 
574.1945407577856 	 5.7888223756375606e-39 
578.0454166070436 	 5.788822369685553e-39 
581.9221186245318 	 5.7888223638691635e-39 
585.8248200152536 	 5.788822358185303e-39 
589.7536951458243 	 5.78882235263095e-39 
593.7089195522607 	 5.788822347203156e-39 
597.6906699478251 	 5.788822341899035e-39 
601.6991242309177 	 5.7888223367157696e-39 
605.7344614930287 	 5.788822331650608e-39 
609.796862026737 	 5.7888223267008563e-39 
613.8865073337666 	 5.7888223218638857e-39 
618.0035801330954 	 5.7888223171371287e-39 
622.1482643691189 	 5.788822312518071e-39 
626.3207452198686 	 5.78882230800426e-39 
630.521209105286 	 5.788822303593298e-39 
634.7498436955489 	 5.788822299282841e-39 
639.0068379194606 	 5.788822295070598e-39 
643.2923819728877 	 5.788822290954333e-39 
647.6066673272586 	 5.78882228693186e-39 
651.9498867381186 	 5.7888222830010385e-39 
656.3222342537412 	 5.788822279159782e-39 
660.7239052237983 	 5.78882227540605e-39 
665.1550963080888 	 5.788822271737848e-39 
669.6160054853223 	 5.788822268153226e-39 
674.1068320619681 	 5.788822264650282e-39 
678.6277766811584 	 5.7888222612271546e-39 
683.1790413316517 	 5.788822257882021e-39 
687.7608293568588 	 5.788822254613111e-39 
692.3733454639272 	 5.788822251418683e-39 
697.0167957328871 	 5.7888222482970386e-39 
701.6913876258589 	 5.7888222452465234e-39 
706.3973299963229 	 5.7888222422655164e-39 
711.1348330984479 	 5.7888222393524306e-39 
715.9041085964889 	 5.788822236505722e-39 
720.7053695742412 	 5.788822233723876e-39 
725.5388305445621 	 5.7888222310054144e-39 
730.4047074589537 	 5.788822228348893e-39 
735.3032177172123 	 5.788822225752903e-39 
740.234580177141 	 5.7888222232160626e-39 
745.1990151643289 	 5.788822220737027e-39 
750.1967444819919 	 5.788822218314474e-39 
755.2279914208867 	 5.788822215947121e-39 
760.2929807692846 	 5.7888222136337084e-39 
765.3919388230148 	 5.7888222113730075e-39 
770.5250933955757 	 5.7888222091638174e-39 
775.6926738283126 	 5.788822207004966e-39 
780.8949110006649 	 5.7888222048953026e-39 
786.1320373404814 	 5.788822202833709e-39 
791.4042868344025 	 5.7888222008190904e-39 
796.7118950383186 	 5.788822198850374e-39 
802.0550990878917 	 5.788822196926516e-39 
807.43413770915 	 5.788822195046495e-39 
812.8492512291552 	 5.7888221932093097e-39 
818.300681586739 	 5.788822191413984e-39 
823.7886723433126 	 5.7888221896595675e-39 
829.31346869375 	 5.788822187945125e-39 
834.8753174773391 	 5.7888221862697456e-39 
840.4744671888153 	 5.7888221846325415e-39 
846.1111679894603 	 5.7888221830326425e-39 
851.7856717182804 	 5.7888221814691946e-39 
857.4982319032572 	 5.788822179941372e-39 
863.2491037726759 	 5.788822178448362e-39 
869.0385442665279 	 5.78882217698937e-39 
874.8668120479914 	 5.788822175563622e-39 
880.7341675149848 	 5.788822174170361e-39 
886.6408728118062 	 5.788822172808844e-39 
892.5871918408412 	 5.78882217147835e-39 
898.5733902743559 	 5.7888221701781725e-39 
904.5997355663658 	 5.7888221689076194e-39 
910.6664969645853 	 5.7888221676660184e-39 
916.7739455224578 	 5.788822166452703e-39 
922.9223541112651 	 5.7888221652670365e-39 
929.1119974323208 	 5.7888221641083845e-39 
935.3431520292387 	 5.788822162976134e-39 
941.6160963002949 	 5.7888221618696824e-39 
947.9311105108619 	 5.7888221607884414e-39 
954.2884768059317 	 5.788822159731834e-39 
960.6884792227214 	 5.788822158699306e-39 
967.1314037033632 	 5.7888221576903026e-39 
973.6175381076806 	 5.7888221567042886e-39 
980.1471722260501 	 5.788822155740741e-39 
986.7205977923445 	 5.78882215479915e-39 
993.3381084969732 	 5.788822153879014e-39 
1000.0 	 5.788822152979841e-39 
